5.346325293335977767e+04 1.437933079626422739e+01 5.040812999999999891e-03
5.346325728521167184e+04 1.439053079626422615e+01 4.872350200000000187e-03
5.346326132456347113e+04 1.440253079626422661e+01 5.194207900000000037e-03
5.346327355835977505e+04 1.441973079626422560e+01 4.872350200000000187e-03
5.346328013243387250e+04 1.434983079626422509e+01 5.213424599999999694e-03
5.346328433382277581e+04 1.432483235876422611e+01 1.894695816715512987e-02
5.346328767873017205e+04 1.430793235876422642e+01 1.891314951221074667e-02
5.346329085002647480e+04 1.424473235876422805e+01 1.897332927095390920e-02
5.346329450743387133e+04 1.427753235876422622e+01 1.897754526695621599e-02
5.346329769030417810e+04 1.420933235876422529e+01 1.900492631493870196e-02
5.346330098891537637e+04 1.417243235876422602e+01 2.114680173189376067e-02
5.346330762085977767e+04 1.415373235876422697e+01 1.989063155626363821e-02
5.346331200743387308e+04 1.413753235876422565e+01 3.806543343173715566e-02
5.346332071113757411e+04 1.419613235876422763e+01 1.902307084809326532e-02
5.346332388243387686e+04 1.418193235876422520e+01 1.905615976187156890e-02
5.346332707687827497e+04 1.421473235876422692e+01 1.885171673441937701e-02
5.346334457687827671e+04 1.426542147476422784e+01 3.296919388334585560e-02
5.346338763243387803e+04 1.435642147476422892e+01 3.907733034241097497e-02
5.346339998197087698e+04 1.429412147476422845e+01 3.318987412649664070e-02
5.346340565326717478e+04 1.419822147476422813e+01 3.331302666633001452e-02
5.346341039863757760e+04 1.420602147476422772e+01 3.327127508318966642e-02
5.346341566484127543e+04 1.415612147476422678e+01 3.328780173347113680e-02
5.346342039863757236e+04 1.415252147476422806e+01 3.358835728573805052e-02
