5.849127188713826763e+04 1.422216730725086542e+01 1.674331390000000086e-02
5.849127420018826524e+04 1.422156730725086327e+01 2.289663037190213524e-02
5.849127617752826336e+04 1.421906730725086554e+01 1.796715230000000066e-02
5.849127795994826738e+04 1.424656730725086540e+01 2.706913555928578546e-02
5.849127987452826346e+04 1.425606730725086457e+01 1.160209300000000082e-02
5.849128537671826780e+04 1.424386730725086814e+01 1.718162097446606154e-02
5.849128754886826209e+04 1.426116730725086335e+01 2.245630606718309816e-02
5.849128966595826205e+04 1.425566730725086551e+01 1.351105330000000083e-02
5.849129170009826339e+04 1.424256730725086406e+01 2.648897286660026329e-02
5.849129359062826552e+04 1.424516730725086511e+01 1.164553819999999962e-02
5.849129565440826264e+04 1.425816730725086678e+01 1.641487431819932744e-02
5.849129773854826635e+04 1.425036730725086720e+01 1.188858949999999949e-02
5.849129987174826238e+04 1.427396730725086549e+01 1.726899241584405054e-02
5.849130166529826238e+04 1.426196730725086503e+01 1.238783920000000038e-02
5.849130570405826438e+04 1.430036730725086791e+01 2.451546649807407816e-02
5.849130779387826624e+04 1.427056730725086275e+01 2.629953767806763459e-02
5.849130975763826427e+04 1.428496730725086472e+01 2.869260679598500258e-02
5.849131797267826914e+04 1.427576730725086840e+01 3.649189090685676928e-02
5.849132046734826872e+04 1.424886730725086714e+01 1.631351350000000144e-02
5.849132426967826905e+04 1.428366730725086775e+01 1.969309777641787759e-02
5.849132600172826642e+04 1.429586730725086419e+01 2.213923405769595287e-02
5.849132804441826738e+04 1.428936730725086512e+01 1.280502090000000016e-02
5.849132974214826390e+04 1.428796730725086483e+01 2.248701143718949413e-02
5.849133157930826565e+04 1.428266730725086653e+01 1.237047129999999974e-02
5.849133377045826637e+04 1.428796730725086839e+01 2.371261477096004919e-02
5.849133582175826450e+04 1.426166730725086573e+01 1.427335140000000023e-02
5.849133957554826338e+04 1.428086730725086717e+01 1.754617049050963967e-02
5.849134155228826421e+04 1.426036730725086521e+01 2.388923783794324324e-02
5.849134346945826837e+04 1.424956730725086551e+01 1.267511579999999922e-02
