5.852335078535128559e+04 1.434072910628814057e+01 1.433190789999999951e-02
5.852335254712538153e+04 1.431932910628814071e+01 9.728493399999999652e-03
5.852335627430977911e+04 1.419292910628814042e+01 6.432230100000000186e-03
5.852335809295898071e+04 1.416549931728814116e+01 9.712007300000000468e-03
5.852335991100288084e+04 1.415462910628814086e+01 5.807201100000000150e-03
5.852336354898658465e+04 1.415232910628813912e+01 5.544689799999999620e-03
5.852336736740418564e+04 1.420636047118814105e+01 5.700937199999999740e-03
5.852336924620128411e+04 1.423519931728814214e+01 9.067694600000000479e-03
5.852337268822368060e+04 1.423969931728814231e+01 9.482778399999999136e-03
5.852337444502568542e+04 1.427712910628813958e+01 6.438445800000000378e-03
5.852337980929098558e+04 1.436822910628814043e+01 6.086344100000000076e-03
5.852338162688648299e+04 1.432539931728814153e+01 9.828178200000000850e-03
5.852339091391357942e+04 1.437686047118813804e+01 1.260320139999999978e-02
5.852339278936928167e+04 1.436489931728814184e+01 1.605593619999999902e-02
5.852339460617328587e+04 1.437842910628814153e+01 1.583962070000000111e-02
5.852339642620648374e+04 1.433809931728814036e+01 1.962939340000000032e-02
5.852339824319658510e+04 1.433702910628814209e+01 2.965490830000000119e-02
5.852340187664918631e+04 1.425622910628814211e+01 5.293480500000000144e-02
