5.850148109143796319e+04 1.427987754699539558e+01 1.137980669999999993e-02
5.850148214016796555e+04 1.427267754699539459e+01 7.105631599999999611e-03
5.850148319803796039e+04 1.427137754699539407e+01 6.407027400000000171e-03
5.850148426386796200e+04 1.425857754699539548e+01 4.821825400000000206e-03
5.850149035150796408e+04 1.425647754699539682e+01 4.142462999999999874e-03
5.850149321993796184e+04 1.425677754699539612e+01 1.202372649999999994e-02
5.850149504191796586e+04 1.426967754699539448e+01 1.092382719999999974e-02
5.850149613033796049e+04 1.425677754699539612e+01 1.202372649999999994e-02
5.850149716513796011e+04 1.426217754699539420e+01 4.346262800000000315e-03
5.850149891827796091e+04 1.425947754699539338e+01 4.249705900000000196e-03
5.850150067116795981e+04 1.426117754699539653e+01 3.949683499999999577e-03
5.850150242540796171e+04 1.427187754699539646e+01 4.700000000000000185e-03
5.850150768450796022e+04 1.425927754699539385e+01 5.231634500000000368e-03
5.850150943780796661e+04 1.425987754699539600e+01 4.346262800000000315e-03
5.850151119339796423e+04 1.426997754699539378e+01 4.636809199999999617e-03
5.850151294697796402e+04 1.425657754699539659e+01 4.249705900000000196e-03
5.850151470058796258e+04 1.425217754699539618e+01 4.733920200000000036e-03
5.850151645601796190e+04 1.424897754699539654e+01 4.442971999999999894e-03
5.850151820903796033e+04 1.425327754699539362e+01 4.442971999999999894e-03
5.850151997002796270e+04 1.425707754699539542e+01 4.636809199999999617e-03
5.850152189537796221e+04 1.425557754699539537e+01 4.346262800000000315e-03
5.850152365149796242e+04 1.423817754699539684e+01 4.733920200000000036e-03
5.850152540487796068e+04 1.424427754699539683e+01 4.733920200000000036e-03
5.850152716040796076e+04 1.424987754699539444e+01 5.123475399999999867e-03
5.850152891491796618e+04 1.424737754699539671e+01 4.831148900000000260e-03
5.850153067015796114e+04 1.424817754699539485e+01 5.221110999999999634e-03
5.850153242325796600e+04 1.424477754699539567e+01 5.318834500000000319e-03
5.850153417767796054e+04 1.424577754699539334e+01 6.694027200000000032e-03
5.850153593155796261e+04 1.424987754699539444e+01 7.879720800000000053e-03
5.850153768716796185e+04 1.425947754699539338e+01 8.480566000000000146e-03
5.850153944024796510e+04 1.426197754699539466e+01 1.016710380000000052e-02
