                        25        8        8        8        8        8           12          11          11       7        8     5        8        8        8        8         9       7       7       7         10       7       7        8        8
           Object           D1(km)    D2/D1   D2(km)      H       pv        P1(h)      Porb(h)      P2(h)       A1      A2    SolPh   a/b_1    b/c_1    a/b_2    b/c_2    A(km)    A/D_1   rho_1  alpha_L DMd(d/y^2) q_h(AU) a_h(AU) i_h(deg) O_h(deg)
     (22) Kalliope          170        0.213   36                 0.142    4.1482       86.16                                          1.2      1.2                      1065        6.3     2.5     0.69       0.00   2.616   2.910    13.72     66.1
     (45) Eugenia           195        0.036    7.0                        5.6991      114.38                                          1.4      1.5                      1184        6.1     1.1     0.84       0.00   2.503   2.724     6.60    147.9
     (87) Sylvia            256        0.063   16                 0.043    5.1836       87.59                                          1.4     (1.1                      1356        5.3     1.5     0.66       0.00   3.202   3.493    10.86     73.2
     (90) Antiope            86.7      0.955   82.8               0.060   16.5051       16.5051     16.5051                            1.07     1.04     1.08     1.04    171        1.97    1.26    1.22       0.00   2.660   3.154     2.22     70.2
    (107) Camilla           206        0.050   10                 0.052    4.8439       89.04                                          1.4     (1.4                      1235        6.0     1.9     0.74       0.00   3.241   3.495    10.04    173.1
    (121) Hermione         (205        0.066  (14                 0.048    5.5513       61.97                                         (1.4                                768       (3.7    (1.1     0.73       0.00   2.982   3.448     7.60     73.2
    (130) Elektra           179        0.026    4.7               0.085    5.225       (94.1                                           1.4                              (1252       (7.0    (3.0    (0.46       0.00   2.472   3.124    22.87    145.4
    (243) Ida                28.1      0.048    1.34              0.21     4.6336                                                      2.35     1.37     1.14     1.2                        2.7                       2.741   2.860     1.13    324.1
    (283) Emma              145        0.079   11                 0.026    6.888        80.74                   0.31              6    1.29                               596        4.1     0.8     0.63       0.00   2.591   3.046     7.99    304.4
    (379) Huenna             90        0.078    7.0               0.059   (7.022      1939                      0.09              5    1.08                              3400       38       1.2     0.49       0.00   2.548   3.136     1.67    172.1
    (617) Patroclus         101        0.92    93                 0.047 (102.8         102.8                                                                              680        6.7     1.3     2.05       0.00   4.488   5.218    22.05     44.4
    (624) Hektor            220        0.05    11                 0.038    6.92051                                                     2.4      1.3                     (1700       (8                                 5.121   5.242    18.18    342.8
    (762) Pulcova           133        0.16    21                 0.046    5.839        96                     (0.3               8   (1.28                               810        6.1     1.9     0.52       0.00   2.834   3.157    13.09    305.8
    (809) Lundia              6.9      0.89     6.1    (11.8     (0.40    15.418        15.418      15.418                             1.2      1.17                      (15       (2.2    (2.0     1.25       0.00   1.845   2.283     7.15    154.6
    (854) Frostia             5.7      0.98     6      (12.1     (0.40   (37.711        37.711     (37.711     (0.2    (0.2      10   (1.35             (1.37             (24       (4.1    (2.0     1.63       0.00   1.959   2.368     6.09    190.8
    (939) Isberga            10.56     0.29     3.1                        2.9173       26.8                    0.25             13    1.22                               (28       (2.6    (2.0     1.03       0.00   1.848   2.246     2.59    327.1
   (1052) Belgica             9.8     (0.36    (3.5                        2.7097       47.26                   0.08              9    1.07                               (38       (3.9    (2.0    (1.19       0.00   1.915   2.236     4.70     99.6
   (1089) Tama                9.1      0.9      8                        (16.4461       16.4461    (16.4461    (0.2    (0.2      15   (1.29             (1.38             (21       (2.3    (2.0     1.28       0.00   1.933   2.214     3.73     71.5
   (1139) Atami               5        0.8      4.0     12.95     0.28   (27.45         27.45      (27.45      (0.2    (0.2      20   (1.24             (1.40             (15       (3.1    (2.0     1.38      -0.01   1.450   1.947    13.09    213.4
   (1313) Berna               9.5      0.97     9.2                      (25.464        25.464     (25.464     (0.1    (0.1      17   (1.14             (1.15             (30       (3.1    (2.0     1.45       0.00   2.101   2.656    12.53    298.4
   (1338) Duponta             7.7      0.24     1.8     12.80     0.216    3.85453      17.5680                 0.26             20    1.20                               (15       (2.0    (2.0     0.75      -0.01   2.010   2.264     4.82    325.7
   (1453) Fennia              6.33     0.28     1.8     12.83     0.30     4.4121       23.00351   (23.1        0.17    0.016    14    1.14     1.8      1.17             (16       (2.6    (2.0     0.90      -0.01   1.843   1.897    23.68      7.1
   (1509) Esclangona          8.5      0.33     2.8     12.86     0.16     3.25283    (768           6.6422     0.13    0.04     23    1.10              1.29            (210      (25      (2.0    (1.39       0.00   1.806   1.866    22.32    283.6
   (1717) Arlon               7.8     (0.6     (4.7     12.43     0.225   (5.148       117.0       (18.23      (0.08   (0.13     11   (1.09             (1.45             (59       (7.5    (2.0    (1.82       0.00   1.911   2.196     6.19    340.6
   (1727) Mette               9       (0.20    (1.8    (12.5     (0.20     2.98109      20.99                   0.33             11    1.30                               (21       (2.2    (2.0    (0.97      -0.01   1.665   1.854    22.90    133.0
   (1798) Watts               6.8      0.25     1.7     13.30     0.17     3.5060       26.96                   0.06              5    1.05                               (18       (2.6    (2.0     0.80      -0.01   1.931   2.200     6.19     44.3
   (1830) Pogson              8.0     (0.30    (2.4     12.66     0.219    2.57003      24.24580                0.11              8    1.10                               (20       (2.5    (2.0    (1.11      -0.01   2.064   2.188     3.95    147.5
   (1862) Apollo              1.55     0.05     0.075   16.38     0.21     3.06545                                                     1.18     1.8                                         (2.0                       0.647   1.470     6.35     35.7
   (1866) Sisyphus            6.8     (0.1     (0.7                        2.400                                0.11             59    1.05                                                                            0.874   1.894    41.19     63.6
   (2006) Polonskaya          4.7     (0.23    (1.1     13.35     0.350   (3.1180       19.153                 (0.09              9   (1.08                                (9.8     (2.1    (2.0    (0.87      -0.02   1.877   2.325     4.92      1.0
   (2044) Wirt                6.0      0.25     1.5     13.4     (0.20     3.6897       18.970                  0.25             18    1.20                               (13       (2.1    (2.0     0.79      -0.01   1.562   2.380    23.98     53.7
   (2047) Smetana             3.06     0.21     0.64    14.25     0.36     2.4970       22.43                   0.12              6    1.11                                (7.1     (2.3    (2.0     1.07      -0.07   1.865   1.872    25.28     36.6
   (2121) Sevastopol          8.6      0.41     3.5     12.48     0.206    2.90660      37.1536     37.13       0.16    0.069    13    1.15              1.42             (29       (3.3    (2.0     1.22       0.00   1.792   2.183     4.38    145.7
   (2131) Mayall              8.2      0.30     2.5                        2.5678       23.4849     23.47       0.09    0.035    23    1.06              1.31             (20       (2.4    (2.0     1.10      -0.01   1.678   1.887    33.99    306.1
   (2178) Kazakhstania        4.8      0.26     1.3     13.87    (0.20     3.0183       18.504      18.52       0.31    0.02      9    1.29              1.28             (10.0     (2.1    (2.0     0.99      -0.02   1.866   2.208     3.07     11.4
   (2242) Balaton             5.9      0.30     1.8    (13.2               2.79792      12.96                   0.18             10    1.16                                (9.6     (1.6    (2.0     1.03      -0.01   1.947   2.208     2.54    343.9
   (2343) Siding Spring       5.0      0.25     1.3    (13.2               2.10637      11.789                  0.15              8    1.13                                (7.6     (1.5    (2.0     1.28      -0.02   1.741   2.335     1.77    218.1
   (2478) Tokai               7.6      0.86     6.6     12.37     0.196   25.897        25.897      25.897     (0.20   (0.20      9   (1.31             (1.45             (23       (3.0    (2.0     1.40       0.00   2.073   2.225     4.14    228.8
   (2486) Metsahovi           8.0      0.30     2.4     12.88     0.18     4.4521      172.6         2.64040    0.11    0.03     14    1.09              1.30             (73       (9.1    (2.0     0.85       0.00   2.087   2.269     8.41      0.0
   (2491) Tvashtri            3.1      0.30     0.9    (13.7               4.0852       26.712                  0.08             24    1.06                                (8.1     (2.6    (2.0     0.75      -0.04   1.776   1.878    22.87    125.3
   (2535) Hameenlinna         9.1      0.25     2.3     12.53     0.20     3.23106      21.23       21.23       0.10    0.03      5    1.09              1.54             (20       (2.2    (2.0     0.86      -0.01   2.060   2.240     3.43    172.8
   (2577) Litva               5.7     (0.34    (1.9     13.48    (0.20     2.81292      35.8723                 0.21             20    1.17                               (18       (3.2    (2.0    (1.13      -0.01   1.642   1.904    22.91    182.6
   (2623) Zech                6.8     (0.29    (2.0    (13.1     (0.20     2.7401      117.2        18.718      0.22    0.08     17    1.18              2.10             (48       (7.1    (2.0    (1.17       0.00   1.727   2.255     4.06    349.1
   (2691) Sersic              5.00    (0.43    (2.15                       3.8811       26.81                   0.21             19    1.18                               (13.5     (2.7    (2.0    (1.02      -0.01   1.993   2.246     3.59    319.9
   (2754) Efimov              4.8      0.22     1.0     13.92    (0.20     2.44967      14.77578                0.15             10    1.13                                (8.4     (1.8    (2.0     1.10      -0.03   1.711   2.228     5.71    275.2
   (2815) Soma                6.9      0.25     1.7     12.98     0.227    2.73325      17.915                  0.07    0.02      6    1.06              1.33             (14       (2.0    (2.0     0.99      -0.01   1.857   2.234     5.70    119.9
   (2825) Crosby              5.2      0.20     1.0     13.51     0.25     2.8135       14.350                  0.08              9    1.07                                (8.9     (1.7    (2.0     0.93      -0.03   1.857   2.247     3.52    329.4
   (2881) Meiden              6.8      0.29     2.0    (13.1     (0.20     3.48011      20.42                   0.12              6    1.11                               (15       (2.2    (2.0     0.85      -0.01   1.899   2.247     4.62    173.0
   (3034) Climenhaga          9       (0.20    (1.8    (12.6     (0.20     2.7376      (18.954                  0.10             12    1.08                               (18       (2.1    (2.0    (0.97      -0.01   1.838   2.324     4.92     10.8
   (3073) Kursk               4.9      0.25     1.2     13.86    (0.20     3.4468       44.96                   0.21             15    1.17                               (18       (3.7    (2.0     0.86      -0.01   1.938   2.243     5.04    204.2
   (3122) Florence            4.4      0.05     0.2                        2.3581                               0.18             39                                                                                    1.020   1.769    22.14    336.1
   (3145) Walter Adams        3.69     0.22     0.81                       2.7113      (17.5                    0.10                   1.10                                (7.3     (2.0    (2.0    (0.99      -0.04   1.674   2.192     5.03    283.7
   (3309) Brorfelde           4.4      0.26     1.2     14.06    (0.20     2.5042       18.46444   (18.6        0.10    0.016    17    1.08              1.19              (9.1     (2.0    (2.0     1.08      -0.03   1.720   1.817    21.14     29.8
   (3378) Susanvictoria       4.8      0.30     1.4     13.88    (0.20     2.5621       17.13                   0.10              7    1.09                                (9.3     (2.0    (2.0     1.09      -0.02   2.103   2.316     8.08    336.0
   (3433) Fehrenbach          7.4      0.31     2.3     12.67     0.25     3.9160       19.665      19.665      0.27    0.03      8    1.27              1.31             (16       (2.2    (2.0     0.83      -0.01   1.945   2.393     4.51    336.6
   (3671) Dionysus            1.43     0.2      0.29    16.67     0.18     2.7053       27.74                   0.12   (0.03     30    1.07             (1.58              (3.8     (2.7    (2.0     0.98      -0.27   1.006   2.198    13.55     82.2
   (3673) Levy                6.3      0.26     1.6     13.14     0.234    2.68741      21.68                   0.14             10    1.12                               (14       (2.3    (2.0     1.04      -0.01   1.913   2.345     7.09     13.4
   (3703) Volkonskaya         3.46     0.4      1.4                        3.235       (24                      0.22              6    1.23                                (8.6     (2.5    (2.0    (1.09      -0.02   2.017   2.331     6.74    173.0
   (3749) Balam               4.1      0.46     1.9               0.30     2.8049167    33.38       33.39       0.11    0.04      8    1.11              1.20             (13       (3.1    (2.0     1.31      -0.01   1.993   2.237     5.38    295.8
   (3782) Celle               6.0      0.43     2.6                        3.839        36.57                   0.12              7    1.12                               (20       (3.3    (2.0     1.06       0.00   2.186   2.415     5.25    271.4
   (3841) Dicicco             6.0      0.30     1.8                        3.5949       21.63       21.63       0.18    0.03      4    1.18              1.37             (14       (2.3    (2.0     0.86      -0.01   1.908   2.274     5.22     46.1
   (3868) Mendoza             9.3      0.17     1.6     12.71     0.165    2.77089      12.195                  0.09              6    1.08                               (14       (1.5    (2.0     0.94      -0.01   2.103   2.333     8.10    171.6
   (3873) Roddy               6.9     (0.27    (1.9     13.1     (0.20     2.4797       19.24                   0.08             19    1.06                               (14       (2.1    (2.0    (1.10      -0.01   1.639   1.892    23.36    250.1
   (3905) Doppler             7        0.87     6      (12.5     (0.20    50.8          50.8        50.8       (0.24   (0.23     18   (1.33             (1.44             (34       (4.8    (2.0     1.71       0.00   1.899   2.560    14.19    343.3
   (3951) Zichichi            6.4     (0.33    (2.11                       3.39423      27.59                   0.26             15    1.23                               (17       (2.7    (2.0    (0.96      -0.01   1.933   2.339     5.42    270.1
   (3982) Kastel              5.4     (0.8     (4.3     13.35     0.169   (5.8358                   (8.4865    (0.08   (0.27     10   (1.11             (1.72                               (2.0                       1.767   2.259     5.30    252.0
   (4029) Bridges             7.6      0.27     2.1     12.96     0.185    3.5750       16.31701                0.20              2    1.21                               (14       (1.9    (2.0     0.83      -0.01   2.194   2.525     5.44    214.9
   (4272) Entsuji             7.6      0.18     1.4    (12.7               2.8087       15.945                  0.06              6    1.05                               (14       (1.8    (2.0     0.92      -0.01   1.781   2.370     9.27    184.4
   (4296) van Woerkom         6.4      0.34     2.2    (13.2     (0.20     2.8087       26.23                   0.20             24    1.15                               (17       (2.6    (2.0     1.10      -0.01   1.877   2.249     6.15     13.1
   (4383) Suruga              6.39    (0.19    (1.2                        3.4068       16.34      (16.34       0.14   (0.03      8    1.12             (2.04             (12.0     (1.9    (2.0    (0.79      -0.01   2.269   2.424     7.15     88.6
   (4435) Holt                4.9      0.40     2.0     13.74    (0.20     2.8670       42.65                   0.15             22    1.12                               (18       (3.6    (2.0     1.22      -0.01   1.541   2.317    21.91    330.9
   (4492) Debussy            12.6      0.93    12                        (26.606        26.606     (26.606     (0.2    (0.2      12   (1.32             (1.38             (40       (3.2    (2.0     1.46       0.00   2.266   2.766     8.03    350.1
   (4514) Vilen               4.0      0.30     1.2     14.27    (0.20     2.89224      16.85                   0.09             11    1.08                                (7.7     (1.9    (2.0     0.98      -0.02   1.987   2.344     7.96    110.4
   (4541) Mizuno              7.2      0.30     2.2     12.99    (0.20     2.82784      29.68                   0.08              9    1.07                               (20       (2.8    (2.0     1.03       0.00   2.332   2.379     4.78     66.0
   (4607) Seilandfarm         6.06     0.30     1.8                        3.96822      31.65                   0.15              6    1.14                               (18       (2.9    (2.0     0.80      -0.01   2.221   2.264     2.25    250.6
   (4666) Dietz               6.3      0.40     2.5     13.16     0.21     2.9524       33.2       (33.2        0.28             14    1.26                               (19       (3.1    (2.0     1.21       0.00   1.793   2.340    24.50    230.2
   (4674) Pauling             4.30     0.32     1.4     14.24     0.17     2.5306    (2791                      0.06             16    1.05                              (250      (58      (2.0    (1.86       0.00   1.728   1.859    19.44    233.0
   (4786) Tatianina           3.4      0.19     0.65    13.72     0.48     2.9227       21.67                   0.20             10    1.17                                (7.7     (2.3    (2.0     0.94      -0.04   1.907   2.361     7.25    115.9
   (4951) Iwamoto             4.2      0.88     3.7     13.74     0.184  118.0         118.0       118.0       (0.17   (0.17     14   (1.24             (1.33             (35       (8.4    (2.0     2.25       0.00   1.882   2.257     7.53    101.1
   (5112) Kusaji              4.2      0.31     1.3     14.17    (0.20     2.7995       20.74       20.74       0.12    0.025     6    1.11              1.27              (9.2     (2.2    (2.0     1.04      -0.02   1.893   2.175     5.76     62.7
   (5143) Heracles            3.6      0.17     0.6     14.27     0.26     2.706                                0.08             25                                                                                    0.418   1.833     9.04    309.6
   (5381) Sekhmet             1.0      0.30     0.3    (16.5               2.7          12.5        10         (0.1              65                                         1.54     1.54    1.8     1.07      -3.26   0.667   0.948    48.97     58.6
   (5402) Kejosmith           4.9     (0.25    (1.2     13.87    (0.20     2.69549     (16.31                   0.13             21    1.09                                (9.1     (1.9    (2.0    (1.01      -0.03   1.766   2.046    16.71    237.0
   (5407) 1992 AX             3.7      0.22     0.8     14.47     0.20     2.5488       13.51      (13.52       0.12    0.025    10    1.10              1.52              (6.1     (1.7    (2.0     1.05      -0.07   1.327   1.838    11.39    117.8
   (5425) Vojtech             6.8      0.25     1.7                        2.64759      25.43                   0.27                   1.30                               (17       (2.6    (2.0     1.12      -0.01   2.125   2.455     6.26    355.9
   (5474) Gingasen           (4.1     (0.7     (2.9     13.28             (3.1095                   (3.6242    (0.06   (0.18     12   (1.07             (1.51                                                          2.224   2.383     6.14    247.0
   (5477) Holmes              3.0      0.39     1.2     14.44     0.285    2.9940       24.4036     24.40       0.10    0.051    12    1.09              1.33              (7.5     (2.5    (2.0     1.09      -0.04   1.772   1.917    22.55     49.2
   (5481) Kiuchi              3.6      0.35     1.27    13.68    (0.40     3.6196       20.904      20.91       0.10    0.036     9    1.09              1.30              (8.2     (2.2    (2.0     0.89      -0.02   2.191   2.339     5.96    326.1
   (5536) Honeycutt           8        0.31     2.4    (12.8     (0.20     3.5830       16.325                  0.09             14    1.07                               (15       (1.9    (2.0     0.83      -0.01   2.037   2.249     6.78    250.6
   (5646) 1990 TR             1.9     (0.5     (0.9                        3.1999                  (19.47       0.12             15    1.11                                                 (2.0                       1.206   2.142     7.91     14.1
   (5674) Wolff               4.6      0.85     3.9                       93.7          93.7        93.7        0.26    0.26     16    1.37              1.55             (33       (7.2    (2.0     2.08       0.00   1.969   2.359     1.70     39.8
   (5828) 1991 AM            (1.9                                          2.6666                  (18.34       0.15             40                                                                                    0.517   1.698    30.12    125.5
   (5872) Sugano              4.5      0.35     1.6     13.95    (0.20     3.3642       18.04                   0.11             17    1.09                                (9.2     (2.0    (2.0     0.92      -0.02   1.949   2.249     6.61    242.4
   (5899) Jedicke             2.5     (0.4     (1.0    (14.0              (2.7481       16.72                   0.05             20    1.04                                (4.8     (1.9    (2.0    (1.12      -0.07   1.703   1.928    24.01    125.4
   (5905) Johnson             4.48     0.38     1.7     14.25     0.15     3.7823       21.7970     21.76       0.16    0.035    22    1.12              1.19             (10.4     (2.3    (2.0     0.91      -0.02   1.773   1.910    27.52    141.3
   (6016) Carnelli            3.5      0.20     0.70    13.80     0.42     2.8028       21.33                   0.07             20    1.05                                (7.8     (2.2    (2.0     0.94      -0.04   1.830   2.332     5.90    189.3
   (6084) Bascom              6.0      0.37     2.2     13.29     0.209    2.7453       43.51                   0.22             10    1.21                               (22       (3.7    (2.0     1.23       0.00   1.768   2.313    23.01    147.3
   (6100) Kunitomoikkansai    5.4     (0.45    (2.4    (13.5     (0.20     4.3018       18.46                   0.11              4    1.12                               (11       (2.1    (2.0    (0.93      -0.01   2.018   2.330     3.40    303.9
   (6186) Zenon              10        0.28     2.7    (13.7     (0.057   (2.6832       14.392      14.392      0.08    0.04     15    1.06              1.48             (17       (1.7    (2.0     1.02       0.00   1.942   2.380     4.21    315.4
   (6244) Okamoto             4.8      0.25     1.2     13.90    (0.20     2.8957       20.317                  0.12              8    1.11                               (10.4     (2.2    (2.0     0.95      -0.02   1.831   2.160     5.40    331.4
   (6245) Ikufumi             5.9      0.23     1.4     13.44    (0.20     2.9222       15.439      15.44       0.10    0.018     8    1.09              1.33             (10.8     (1.8    (2.0     0.92      -0.02   1.892   2.302     8.02    299.7
   (6265) 1985 TW3            4.95    (0.32    (1.58                       2.7092       15.86                   0.28              6    1.29                                (9.3     (1.9    (2.0    (1.13      -0.02   1.747   2.166     4.11     45.2
   (6369) 1983 UC             3.3      0.37     1.2     14.63    (0.20     2.39712      39.80       39.80       0.06    0.06      5    1.06              1.53             (11.4     (3.4    (2.0     1.30      -0.02   1.965   2.293     5.99     35.6
   (6615) Plutarchos          3.04    (0.26    (0.79                       2.3247      (40.02                   0.06             19    1.04                               (10.4     (3.4    (2.0    (1.17      -0.03   1.896   2.170     1.80    129.4
   (7002) Bronshten           3.3      0.30     1.0    (14.7     (0.20     2.67025      13.323                  0.13             16    1.10                                (5.4     (1.7    (2.0     1.05      -0.04   1.575   2.358     4.58    193.2
   (7088) Ishtar              1.05     0.42     0.44    17.08    (0.20     2.6786       20.63       20.60       0.11    0.09     20    1.09              1.49              (2.4     (2.2    (2.0     1.21      -0.31   1.208   1.981     8.30    102.7
   (7187) Isobe               6.0     (0.16    (1.0                        4.2431      (32.7                    0.13              7    1.11                               (18       (3.0    (2.0    (0.63      -0.02   1.770   1.938    21.78    315.3
   (7225) Huntress            6.6      0.21     1.4     13.49     0.156    2.4400       14.67                   0.11              4    1.10                               (11.5     (1.7    (2.0     1.09      -0.01   1.866   2.341     6.87    275.8
   (7344) Summerfield         6.2      0.18     1.1     13.37     0.20     2.58975      17.41                   0.17             12    1.14                               (12.2     (2.0    (2.0     1.03      -0.01   2.293   2.587    14.32    175.0
   (7369) Gavrilin            4.6      0.7      3.2     13.61    (0.20   (49.12         49.12      (49.12      (0.17   (0.08     11   (1.21             (1.20             (20       (4.4    (2.0     1.40       0.00   1.614   2.369    21.82    278.4
   (7888) 1993 UC             2.7                                          2.3398                               0.10             71                                                                                    0.818   2.436    26.07    165.9
   (7958) Leakey              2.82    (0.30    (0.85                       2.34843      50.29                   0.22    0.05     22    1.17              1.48             (11.3     (4.0    (2.0    (1.27      -0.04   1.733   1.877    21.97    195.8
   (8116) Jeanperrin          4.5     (0.4     (1.8     14.05     0.184    3.6169       36.11                   0.09             11    1.08                               (14       (3.2    (2.0    (1.02      -0.01   1.892   2.249     5.43     49.0
   (8306) Shoko               2.4      0.45     1.1     15.26    (0.20     3.35015      36.20       36.20       0.13    0.05      6    1.14              1.28              (7.9     (3.3    (2.0     1.19      -0.03   1.749   2.242     4.78    208.8
   (8373) Stephengould        6       (0.4     (2.5     14.6     (0.057    4.4345       34.15                   0.36             35    1.25                               (20       (3.2    (2.0    (0.93       0.00   1.466   3.283    40.78     88.9
   (8474) Rettig              4.2      0.90     3.8    (13.6     (0.20    30.54         30.54       30.54      (0.17   (0.17     11   (1.26             (1.33             (14       (3.4    (2.0     1.50       0.00   1.842   2.224     5.91    132.7
   (9069) Hovland             2.7     (0.4     (1.1                        4.2175      (30.33      (30.33      (0.09   (0.09     18   (1.07             (1.57              (7.8     (2.9    (2.0    (0.91      -0.04   1.687   1.913    19.57    247.9
   (9260) Edwardolson         3.9      0.27     1.1     14.54     0.164    3.0854       17.785     (17.75       0.12    0.022    10    1.10              1.28              (7.8     (2.0    (2.0     0.91      -0.03   1.765   2.290     5.10    214.6
   (9617) Grahamchapman       2.7     (0.27    (0.7     14.97     0.224    2.28561      19.387                  0.10              8    1.09                                (5.8     (2.1    (2.0    (1.19      -0.06   1.972   2.224     6.14    165.6
   (9783) Tensho-kan          5.1      0.24     1.2               0.15     3.0108       29.5663                 0.19              3    1.19                               (14       (2.8    (2.0     0.95      -0.01   2.391   2.669     1.96    278.9
   (9972) Minoruoda           8.5      0.30     2.5     14.13     0.05     3.4221       22.89                   0.11             12    1.09                               (20       (2.4    (2.0     0.87       0.00   1.835   2.290     9.43     97.8
  (10123) Fideoja             3.2      0.36     1.2               0.24     2.8662       56.46                   0.08              4    1.08                               (14       (4.3    (2.0     1.16      -0.01   1.800   2.269     4.05     76.9
  (10132) Lummelunda          4.0      0.30     1.2     14.25    (0.20     2.5099       22.44                   0.11              2    1.11                                (9.4     (2.3    (2.0     1.13      -0.02   1.852   2.217     8.06    182.9
  (10208) Germanicus          3.2      0.46     1.5     14.79     0.175    3.3484       58.55                   0.13             14    1.12                               (14       (4.5    (2.0     1.30      -0.01   1.784   2.235     4.56    223.8
  (11217) 1999 JC4           (2.2                      (15.0               4.8219                   (9.584      0.10   (0.08     26                                                                                    1.808   1.944    19.29    224.7
  (11264) Claudiomaccone      2.97     0.4      1.2     14.30     0.33     3.1872       15.11                   0.13             10    1.12                                (5.4     (1.8    (2.0     1.02      -0.03   1.977   2.578     3.52     11.2
  (12326) Shirasaki           3.4      0.30     1.0    (14.6     (0.20     2.7286       25.06                   0.12              6    1.11                                (9       (2.5    (2.0     1.06      -0.03   1.839   2.263     5.84      3.0
  (13123) Tyson               8.0     (0.4     (3.2     12.68    (0.20    (3.3303                   (3.862     (0.20   (0.04    (11   (1.19             (1.25                                                          1.721   2.360    23.28     68.8
  (15268) Wendelinefroger     3.4      0.3      1.0    (14.6     (0.20     2.4224       25.07                   0.07              4    1.07                                (9       (2.5    (2.0     1.16      -0.02   1.812   2.366     2.75    144.1
  (15700) 1987 QD             2.9     (0.31    (0.9     14.99    (0.20     3.0586                               0.07             10    1.06                                                                            1.511   2.209    26.78    175.5
  (15745) Yuliya              0.9      0.45     0.42   (17.3     (0.20     3.2486       15.63                   0.10             35    1.07                                (1.8     (1.9    (2.0     1.07      -0.55   1.281   1.720    14.43    132.6
  (15822) 1994 TV15           1.7     (0.19    (0.32                       2.9600      (20.13                   0.27             20    1.20                                (3.7     (2.2    (2.0    (0.94      -0.26   1.793   1.948    22.02    190.9
  (16525) Shumarinaiko        5.15     0.20     1.0                        2.5932       14.409                  0.08              3    1.07                                (8.9     (1.7    (2.0     1.01      -0.02   2.067   2.399     2.43      7.7
  (16635) 1993 QO             3.6     (0.35    (1.3     14.45    (0.20     2.2083       32.25      (32.25       0.18    0.031    21    1.14              1.20             (11       (3.0    (2.0    (1.36      -0.02   1.643   2.298    21.95    313.8
  (17246) 2000 GL74           4.5      0.40     1.8     13.93    (0.20                2034                                                                                228      (48      (2.0                0.00   2.784   2.840     2.45     34.6
  (17260) 2000 JQ58           3.3      0.26     0.9     14.67    (0.20     3.1287       14.7576    (14.74       0.14    0.034     8    1.13              1.54              (5.9     (1.8    (2.0     0.90      -0.05   1.800   2.205     5.28    199.9
  (17700) 1953 XU1            3.6      0.35     1.3     14.47    (0.20     3.8382       15.49                   0.13             11    1.12                                (6.6     (1.8    (2.0     0.83      -0.03   1.876   2.321     8.49     66.1
  (18527) 1996 VJ30           4.1      0.32     1.3     14.20    (0.20     3.35290      19.07       19.07       0.13    0.04      7    1.12              1.42              (8.6     (2.1    (2.0     0.90      -0.02   2.055   2.399     5.45    243.4
  (20325) 1998 HO27           6.8      0.30     2.0    (13.1     (0.20     3.24490      23.54                   0.13              5    1.13                               (16       (2.4    (2.0     0.92      -0.01   2.198   2.379     6.10     98.2
  (20882) 2000 VH57           3.8      0.30     1.1     14.4     (0.20     2.5586       32.81                   0.15             10    1.13                               (11       (3.0    (2.0     1.14      -0.02   1.780   2.363     2.38     13.7
  (21436) Chaoyichi           1.87     0.36     0.67              0.26     2.8655       81.19                   0.10             13    1.09                               (10.4     (5.5    (2.0     1.21      -0.04   2.000   2.187     3.74    320.4
  (22899) 1999 TO14           5.4      0.32     1.7                                   1356                                                                                182       34       1.6                0.00   2.613   2.846     2.88    136.0
  (23621) 1996 PA             1.9      0.30     0.57    15.87    (0.20     2.6649       20.60                   0.07              2    1.07                                (4.2     (2.2    (2.0     1.06      -0.14   1.335   1.904    19.34    143.8
  (25015) 1998 QN2            3.1      0.45     1.4    (14.7     (0.20     4.4011       43.98                   0.27             10    1.28                               (12       (3.8    (2.0     1.09      -0.01   1.788   2.229     5.76    265.7
  (25021) Nischaykumar        2.0      0.28     0.6               0.16     2.5344       23.4954     23.50       0.07    0.04     18    1.05              1.46              (4.8     (2.4    (2.0     1.09      -0.08   2.083   2.318     3.79    188.6
  (26074) Carlwirtz          (2.5                                          2.5493                  (16.11       0.11   (0.07     31                                                                                    1.650   1.811    31.61    102.8
  (26416) 1999 XM84           3.4      0.31     1.1     14.60    (0.20     2.9660       20.7805     20.78       0.07    0.025    11    1.06              1.24              (7.6     (2.2    (2.0     0.97      -0.03   2.223   2.342     4.53    263.1
  (26420) 1999 XL103          1.19    (0.40    (0.48    16.07    (0.40     3.2         (47.80                   0.09             10    1.08                                (4.7     (3.9    (2.0    (1.14      -0.11   1.963   2.197     4.73     73.0
  (26471) 2000 AS152          7.0      0.36     2.5    (13.0     (0.20     2.6868       39.28                   0.22             26    1.16                               (24       (3.4    (2.0     1.21      -0.01   1.623   1.918    19.69    268.8
  (27568) 2000 PT6            2.3     (0.5     (1.1    (14.6     (0.4      3.4885                   16.35       0.09    0.11     16    1.08              1.47                                                          1.909   1.963    22.25    174.1
  (27675) 1981 CH             6.0      0.25     1.5     13.75     0.15     2.9661      120.1                    0.11             11    1.09                               (43       (7.1    (2.0     1.00       0.00   1.904   2.352    24.69    316.2
  (29168) 1990 KJ            (4.5                                          2.5825                  (34.4        0.14   (0.09     18                                                                                    1.898   2.308    24.22     93.7
  (31345) 1998 PG             0.82    (0.4     (0.33    17.64    (0.20    (2.5162      (14.01      (14.01      (0.11   (0.09     22   (1.09             (1.53              (1.4     (1.7    (2.0    (1.20      -0.68   1.227   2.016     6.49    222.8
  (31450) 1999 CU9           10.3      0.25     2.6     13.4      0.07     3.4116       53.47                   0.24              7    1.23                               (43       (4.2    (2.0     0.89       0.00   1.756   2.394    10.74    324.0
  (32008) 2000 HM53           3.0     (0.5     (1.5     14.73    (0.20     3.0171       40.24                   0.19              9    1.20                               (10.8     (3.6    (2.0    (1.41      -0.02   1.769   2.192     6.30    221.9
  (32039) 2000 JO23           2.6     (0.65    (1.7     14.87    (0.20     6.5979     (360         (11.099      0.21    0.07      9    1.26              1.20             (43      (16      (2.0    (2.66       0.00   1.595   2.223     6.51    303.9
  (34706) 2001 OP83           2.8      0.28     0.78    15.07    (0.20     2.5944       20.76                   0.13             11    1.11                                (6.1     (2.2    (2.0     1.08      -0.05   1.389   2.252     8.70     66.7
  (35107) 1991 VH             1.2      0.38     0.46    16.98     0.17     2.6237       32.67      (12.836      0.08   (0.06     27    1.06             (1.33               3.26     2.72    1.4     1.35      -0.86   0.973   1.137    13.91    139.4
  (43008) 1999 UD31           1.8     (0.40    (0.72    15.93    (0.20     2.64138      16.745      16.7        0.09    0.07      6    1.09              1.53              (3.5     (1.9    (2.0    (1.17      -0.09   1.907   2.350     1.97    126.2
  (44620) 1999 RS43           1.9      0.39     0.75    15.78    (0.20     3.1393       33.6455     33.2        0.11    0.037     7    1.11              1.26              (6.0     (3.1    (2.0     1.10      -0.06   1.818   2.176     4.40    182.0
  (46829) McMahon             2.5      0.40     0.98    15.25    (0.20    (2.6236       16.833                  0.11              2    1.12                                (4.8     (2.0    (2.0     1.19      -0.04   1.968   2.401     5.59    334.9
  (51356) 2000 RY76           2.4     (0.21    (0.50   (15.0     (0.3     (2.5572       62.05                   0.09             27    1.06                               (11       (4.6    (2.0    (1.05      -0.07   1.610   1.812    22.21    331.2
  (52316) 1992 BD             2.5     (0.20    (0.5    (14.9     (0.3      2.7629      (13.44                   0.10             11    1.08                                (4.1     (1.6    (2.0    (0.95      -0.16   1.773   1.897    28.99     79.1
  (53432) 1999 UT55           1.7     (0.35    (0.6    (15.6     (0.3     (3.571        14.10                  (0.09             14   (1.08                                (3.0     (1.7    (2.0    (0.86      -0.19   1.654   1.871    22.44    268.7
  (65803) Didymos             0.75     0.22     0.17    18.16     0.16     2.2593       11.91      (11.91       0.08    0.025     8    1.07              1.55              (1.14    (1.5    (2.0     1.16      -2.51   1.013   1.644     3.41     73.2
  (66063) 1998 RO1            0.8      0.48     0.38    18.05     0.14     2.4924       14.5458     14.52       0.14    0.119    25    1.11              1.48              (1.4     (1.8    (2.0     1.32      -3.14   0.277   0.991    22.67    351.9
  (66391) 1999 KW4            1.28     0.330    0.423                      2.7645       17.422     (17.422                             1.041    1.150    1.322    1.312     2.548    1.99    2.0     1.06      -3.68   0.200   0.642    38.89    244.9
  (69230) Hermes              0.6      0.9      0.54    17.57     0.25   (13.894        13.894     (13.894     (0.03   (0.03      7   (1.04             (1.06              (1.2     (2.0    (2.0     1.22      -0.84   0.622   1.655     6.07     34.3
  (76818) 2000 RG79           2.5      0.34     0.85    14.26     0.50     3.1665       14.1299     14.132      0.13    0.052    16    1.11              1.42              (4.3     (1.7    (2.0     0.95      -0.09   1.745   1.930    18.13    292.4
  (79472) 1998 AX4            2.7     (0.32    (0.8    (14.7     (0.3      2.8802       25.95                   0.21             21    1.16                                (6.9     (2.6    (2.0    (1.05      -0.05   1.805   1.962    24.34     93.4
  (80218) 1999 VO123          0.88     0.32     0.28    17.09    (0.3      3.1451       33.10      (33.4        0.20    0.044     3    1.21              1.52              (2.7     (3.1    (2.0     1.02      -0.32   2.159   2.219     1.80    114.3
  (85938) 1999 DJ4            0.35     0.5      0.17    18.60     0.42     2.5141       17.73       17.70       0.10    0.13     63    1.05              1.31              (0.7     (2.1    (2.0     1.35      -3.12   0.955   1.852     9.15     20.0
  (88710) 2001 SL9            0.70     0.28     0.19    18.07    (0.20     2.4004       16.40                   0.08              5    1.07                                (1.3     (1.9    (2.0     1.14      -4.24   0.775   1.061    21.90    202.9
  (99913) 1997 CZ5            6.1      0.19     1.2    (13.4     (0.20     2.8351       14.68                   0.19             20    1.14                               (11       (1.8    (2.0     0.95      -0.02   1.384   2.295    24.89    288.0
 (100015) 1989 SR7            1.8      0.35     0.62    16.00    (0.20     2.4172       20.65                   0.05             15    1.04                                (3.9     (2.2    (2.0     1.19      -0.09   1.657   2.365     4.39    269.3
 (114319) 2002 XD58           1.7     (0.5     (0.9     15.94    (0.20    (2.9649                   (7.954     (0.14   (0.09     17   (1.13             (1.37                               (2.0                       1.639   2.257     6.83    242.6
 (136617) 1994 CC             0.62     0.18     0.113                      2.3886       29.8        26                                 1.03     1.05                        1.729    2.8     2.0     1.04      -2.39   0.955   1.638     4.68    268.6
 (136993) 1998 ST49           0.69     0.11     0.075   17.81     0.28     2.3017                               0.11             61                                                                                    0.939   2.310    24.53     18.4
 (137170) 1999 HF1            3.7      0.23     0.9                        2.31927      14.03      (14.03       0.17   (0.03     63    1.08             (1.28              (6.3     (1.7    (2.0     1.14      -0.37   0.440   0.819    25.66    155.9
 (138095) 2000 DK79          (1.8                                          4.243                                0.16             69                                                                                    1.040   1.777    60.68     43.5
 (153591) 2001 SN263          2.5      0.31     0.77                       3.4256      149.4        13.43                                                                  16.63     6.7     1.0     1.27      -0.05   1.037   1.987     6.68    325.9
 (153958) 2002 AM31           0.45     0.27     0.120                     (2.8174       26.3                    0.09             55                                         1.5      3.3     4.3     0.74      -1.19   0.934   1.703     4.64    144.4
 (162000) 1990 OS             0.3      0.15     0.045  (19.3                            21                                                                                 (0.7     (2.2    (2.0              -15.77   0.902   1.678     1.10    346.7
 (162483) 2000 PJ5            0.82    (0.5     (0.41                       2.642       (14.14                   0.21             54    1.12                                (1.5     (1.8    (2.0    (1.29      -2.80   0.547   0.873    51.18    124.4
 (163693) Atira               4.8      0.21     1.0                        3.3987       15.5                    0.26             83                                        (8.7     (1.8    (2.0     0.79      -0.26   0.502   0.741    25.62    103.9
 (164121) 2003 YT1            1.0      0.18     0.18   (16.5               2.343        36.7                    0.21             91                                        (3.2     (3.2    (2.0     1.13      -1.73   0.786   1.110    44.06     38.4
 (175706) 1996 FG3            1.64     0.29     0.48    17.833    0.04     3.595195     16.1508     16.15       0.08    0.030    17    1.06     1.2      1.31               2.46     1.5     1.3     1.00      -1.38   0.686   1.054     1.99    299.8
 (185851) 2000 DP107          0.86     0.40     0.34    18.02     0.13     2.7745       42.13       42.5                               1.03              1.20     1.17      2.66     3.09    1.3     1.38      -1.15   0.851   1.366     8.67    358.8
 (218144) 2002 RL66           2.8     (0.5     (1.4    (14.9     (0.20     2.492                   587          0.04    0.25     28    1.03              2.17                                                          1.519   2.305    22.74     24.0
 (226514) 2003 UX34           0.275    0.36     0.10                                    15                                                                                                                             0.421   1.095     2.56      4.4
 (250162) 2002 TY57           0.34    (0.20    (0.067   19.69    (0.20     2.5001       10.765                  0.09              9    1.08                                (0.48    (1.4    (2.0    (1.04     -10.50   1.293   1.922     3.46    119.0
 (276049) 2002 CE26           3.45     0.09     0.3    (15.8               3.2930       15.6        15          0.06             40    1.01     1.12                        4.7      1.36    0.8     1.18      -0.48   0.983   2.233    47.31    162.0
 (285263) 1998 QE2            3        0.25     0.75                       4.749        31.31       31.31       0.18             17                                         6.21     2.1     0.7     0.96      -0.15   1.039   2.423    12.85    250.2
 (311066) 2004 DC             0.3      0.20     0.06   (18.2                            23           7                                                                                                                 0.981   1.634    19.45     75.0
 (348400) 2005 JF21           0.6      0.08     0.05                       2.4148       29                      0.10             27                                        (1.6     (2.7    (2.0     1.07      -3.42   1.034   2.226    10.85    132.2
 (357439) 2004 BL86           0.3      0.21     0.06                       2.6205       13.80                   0.17            104    1.05                                (0.50    (1.7    (2.0     1.00     -17.98   0.897   1.502    23.78    126.7
 (363027) 1998 ST27           0.8      0.15     0.12   (19.5                           (85                     (0.1              35                                         4.5      5.6    (2.0               -3.84   0.385   0.819    21.05    197.6
 (363067) 2000 CO101          0.52     0.09     0.045                                                                                                                                                                  0.979   1.076    15.32    353.1
 (363599) 2004 FG11           0.15    (0.3     (0.04                      (3            20.0                                                                               (0.32    (2.2    (2.0    (0.96     -46.41   0.438   1.588     3.11     84.5
 (374851) 2006 VV2            1.8      0.28     0.5                        2.430                                0.29             42                                                                                    0.943   2.387    23.71      9.9
 (385186) 1994 AW1            0.9      0.49     0.44    17.4      0.19     2.5193       22.39                   0.18    0.09     57    1.10              1.22              (2.2     (2.4    (2.0     1.38      -1.02   1.021   1.105    24.10    290.4
 (399774) 2005 NB7            0.5      0.34     0.17                       3.488        15.28       15.28       0.11    0.09     57    1.05              1.46              (0.91    (1.8    (2.0     0.87      -2.14   0.985   2.044    12.70    199.2
 (410777) 2009 FD             0.15     0.6      0.09                                                                                                                                                                   0.590   1.164     3.13      9.4
          1994 XD             0.6      0.53     0.32                       2.6920       17.94                   0.08             10    1.08                                (1.3     (2.1    (2.0     1.35      -0.79   0.627   2.350     4.31     96.3
          2000 UG11           0.26     0.58     0.15    20.97     0.08     4.44         18.4                    0.10             15    1.10                                (0.56    (2.2    (2.0     1.16      -4.58   0.825   1.929     8.92    224.2
          2002 BM26           0.6      0.17     0.1    (20.1               2.7                                                                                                              (2.0                       1.019   1.833    16.21    319.7
          2002 KK8            0.5      0.20     0.1    (21.0                                                                                                                                (2.0                       1.045   1.954    24.51     77.0
          2003 SS84           0.12     0.5      0.06   (21.8                                                                                                                                (2.0                       0.829   1.930     5.50    198.4
          2005 AB             1.9      0.24     0.46    17.39     0.05     3.339        17.93                   0.07   (0.03     24    1.05             (1.41              (3.8     (2.0    (2.0     0.81      -0.09   1.111   3.220     8.16    126.3
          2006 GY2            0.4      0.20     0.08   (18.8               2.5          11.7                    0.09             60                                        (0.60    (1.5    (2.0     1.05      -8.16   0.939   1.858    30.57     54.4
          2007 DT103          0.3      0.33     0.1    (19.2               2.5845       15.32                   0.16             47                                        (0.55    (1.8    (2.0     1.11      -5.41   0.941   2.209     5.44    137.1
          2007 LE             0.5      0.36     0.18    19.01     0.16     2.603        13                      0.15             34                                         0.82     1.64    2.0     1.12      -2.77   0.888   1.839    29.52     73.8
          2008 BT18          (0.6     (0.50    (0.3                        2.5702                               0.08             47                                                                                    0.903   2.223     8.13    107.7
          2013 WT44           1                                            2.8849                               0.05             14                                                                                    0.975   2.260    12.20    182.8
          2014 YB35           0.3      0.3      0.1                                                                                                                                                                    0.969   1.876    12.64      3.8
          2017 RV1            0.32     0.40     0.13    20.01    (0.15     3.4460       14.15       14.15       0.09    0.04     35    1.06              1.17              (0.55    (1.7    (2.0     0.94      -3.69   0.900   2.423     2.05    292.4
          2017 YE5            0.9      0.95     0.85   (19.2             (23.8          23.8                                                                               (2.7     (3.0    (2.0     1.42      -0.09   0.817   2.820     6.21    104.0
          2018 TF3            0.22     0.23     0.051   20.57    (0.20     2.3498       10.511      10.51       0.18    0.03     19    1.13              1.50              (0.31    (1.4    (2.0     1.14     -23.06   0.611   2.136     6.89     52.4
