5.853296263900718623e+04 1.747373225559329057e+01 1.209999999999999964e-02
5.853296330900718021e+04 1.754651194048055984e+01 1.269999999999999948e-02
5.853296402900718385e+04 1.753720055703760750e+01 1.319999999999999993e-02
5.853296474900718022e+04 1.747288917362375571e+01 1.340000000000000045e-02
5.853296543900718098e+04 1.728163243116729575e+01 1.220000000000000077e-02
5.853296613900718512e+04 1.747435747505351955e+01 1.660000000000000017e-02
5.853296691900717997e+04 1.708493680968123840e+01 1.640000000000000138e-02
5.853296778900718346e+04 1.709935222136403965e+01 1.770000000000000046e-02
5.853296843900718522e+04 1.756716833355138263e+01 1.340000000000000045e-02
5.853296908900718699e+04 1.730798444572416983e+01 1.990000000000000102e-02
5.853296972900718538e+04 1.749581877158337662e+01 1.119999999999999989e-02
5.853297036900718376e+04 1.753165309742803402e+01 1.140000000000000041e-02
5.853297101900718553e+04 1.773046920960082318e+01 5.569999999999999951e-02
5.853298068900718499e+04 1.790685660164034942e+01 2.790000000000000119e-02
5.853298132900718338e+04 1.736469092748500387e+01 1.110000000000000049e-02
5.853298197900718515e+04 1.736950703965779397e+01 1.099999999999999936e-02
5.853298262900718692e+04 1.758632315184513573e+01 3.119999999999999857e-02
5.853298326900718530e+04 1.765615747768979205e+01 1.159999999999999920e-02
5.853298391900718707e+04 1.733497358987713355e+01 1.099999999999999936e-02
5.853298519900718384e+04 1.754664224156644181e+01 1.200000000000000025e-02
5.853298584900718561e+04 1.729945835373923302e+01 1.609999999999999973e-02
5.853298649900718010e+04 1.726027446594112646e+01 1.430000000000000021e-02
5.853298713900718576e+04 1.709210879177122777e+01 1.319999999999999993e-02
5.853298777900718414e+04 1.718494311761588378e+01 1.400000000000000029e-02
5.853298842900718591e+04 1.695875922980322414e+01 1.830000000000000029e-02
5.853298907900718041e+04 1.714157534199056698e+01 1.799999999999999864e-02
5.853298970900718268e+04 1.701842788149253494e+01 1.290000000000000001e-02
5.853299035900718445e+04 1.726124399366532458e+01 1.810000000000000150e-02
5.853299100900718622e+04 1.715406010585266827e+01 1.590000000000000094e-02
5.853299165900718071e+04 1.724687621804000770e+01 1.569999999999999868e-02
5.853299228900718299e+04 1.693072875754197781e+01 1.980000000000000163e-02
5.853299293900718476e+04 1.718854486972931639e+01 1.480000000000000066e-02
5.853299358900718653e+04 1.649536098190210964e+01 3.269999999999999990e-02
5.853299422900718491e+04 1.729919530774676417e+01 2.860000000000000042e-02
5.853299487900718668e+04 1.753001141993410528e+01 3.339999999999999913e-02
5.853299664900718199e+04 1.718078760235686886e+01 1.820000000000000090e-02
5.853299728900718037e+04 1.738662192820152441e+01 1.510000000000000057e-02
5.853299792900718603e+04 1.713045625403162475e+01 1.480000000000000066e-02
5.853299857900718052e+04 1.721327236621896617e+01 1.319999999999999993e-02
5.853299922900718229e+04 1.722808847840630975e+01 1.559999999999999928e-02
5.853299987900718406e+04 1.720290459057909871e+01 1.409999999999999969e-02
5.853300050900718634e+04 1.769275713008106621e+01 1.179999999999999973e-02
5.853300115900718083e+04 1.764757324228295943e+01 2.079999999999999905e-02
5.853300180900718260e+04 1.752638935445575186e+01 1.129999999999999928e-02
5.853300244900718099e+04 1.735522368030040496e+01 1.629999999999999852e-02
5.853300308900718665e+04 1.719505800613050894e+01 1.519999999999999997e-02
5.853300373900718114e+04 1.705887411833240108e+01 1.269999999999999948e-02
5.853300438900718291e+04 1.717769023050519195e+01 1.609999999999999973e-02
5.853300502900718129e+04 1.711952455636440007e+01 2.160000000000000114e-02
5.853300566900718695e+04 1.712735888219450331e+01 2.170000000000000054e-02
5.853300631900718145e+04 1.692817499438184470e+01 2.270000000000000143e-02
5.853300695900718711e+04 1.786000932021194743e+01 1.439999999999999961e-02
5.853300760900718160e+04 1.703782543241383962e+01 2.350000000000000006e-02
5.853300825900718337e+04 1.773064154458662856e+01 1.409999999999999969e-02
5.853300889900718175e+04 1.746047587043128502e+01 1.310000000000000053e-02
5.853300953900718014e+04 1.721131019629049064e+01 1.870000000000000134e-02
5.853301018900718191e+04 1.802012630846328278e+01 2.290000000000000022e-02
5.853301083900718368e+04 1.842394242065062215e+01 2.160000000000000114e-02
5.853301146900718595e+04 1.829679496013804041e+01 2.210000000000000159e-02
5.853301211900718044e+04 1.745861107233993437e+01 1.499999999999999944e-02
5.853301276900718221e+04 1.816742718451272154e+01 1.260000000000000009e-02
5.853301341900718398e+04 1.729424329670006344e+01 1.870000000000000134e-02
5.853301404900718626e+04 1.719609583620203352e+01 1.400000000000000029e-02
5.853301469900718075e+04 1.793591194838937497e+01 1.969999999999999876e-02
5.853301534900718252e+04 1.724772806057671559e+01 1.629999999999999852e-02
5.853301598900718091e+04 1.797256238642136950e+01 1.849999999999999908e-02
5.853301663900718268e+04 1.729037849859416198e+01 1.420000000000000082e-02
5.853301727900718106e+04 1.725121282443881654e+01 1.239999999999999956e-02
5.853301792900718283e+04 1.721302893662615574e+01 1.060000000000000005e-02
5.853301856900718121e+04 1.718386326247081186e+01 1.020000000000000073e-02
5.853301921900718298e+04 1.715267937465815251e+01 1.009999999999999960e-02
5.853301985900718137e+04 1.727651370050280732e+01 1.110000000000000049e-02
5.853302049900718703e+04 1.723934802633291241e+01 1.099999999999999936e-02
5.853302114900718152e+04 1.707016413852025494e+01 1.110000000000000049e-02
5.853302179900718329e+04 1.711798025070759621e+01 1.069999999999999944e-02
5.853302244900718506e+04 1.707279636289493752e+01 1.129999999999999928e-02
5.853302307900718006e+04 1.718864890239690624e+01 1.009999999999999960e-02
5.853302372900718183e+04 1.724546501458424785e+01 1.119999999999999989e-02
5.853302437900718360e+04 1.728428112675703687e+01 1.009999999999999960e-02
5.853302500900718587e+04 1.722313366625900599e+01 1.159999999999999920e-02
5.853302565900718037e+04 1.730894977844634752e+01 1.030000000000000013e-02
5.853302630900718214e+04 1.715476589063368706e+01 1.080000000000000057e-02
5.853302695900718390e+04 1.714858200282102985e+01 1.009999999999999960e-02
5.853302759900718229e+04 1.720441632866568327e+01 1.060000000000000005e-02
5.853302823900718067e+04 1.722625065451033777e+01 1.099999999999999936e-02
5.853302995900718088e+04 1.723111790520511732e+01 1.039999999999999952e-02
5.853303058900718315e+04 1.722097044470708482e+01 1.039999999999999952e-02
5.853303123900718492e+04 1.720578655687987535e+01 1.140000000000000041e-02
5.853303188900718669e+04 1.745560266906721480e+01 5.589999999999999830e-02
5.853303253900718119e+04 1.719441878126911050e+01 2.149999999999999828e-02
5.853303316900718346e+04 1.740027132075652361e+01 1.609999999999999973e-02
5.853303446900718700e+04 1.699390354511665535e+01 1.099999999999999936e-02
5.853303510900718538e+04 1.689173787096131107e+01 1.129999999999999928e-02
5.853303575900718715e+04 1.817355398314865411e+01 1.290000000000000001e-02
5.853303639900718554e+04 1.703538830899330847e+01 1.250000000000000069e-02
5.853303704900718003e+04 1.710320442119520123e+01 1.770000000000000046e-02
5.853303768900718569e+04 1.796903874702530501e+01 1.799999999999999864e-02
5.853303833900718018e+04 1.742785485921264765e+01 1.099999999999999936e-02
5.853303897900718584e+04 1.717968918504275067e+01 1.020000000000000073e-02
5.853303961900718423e+04 1.736552351088740309e+01 1.060000000000000005e-02
5.853304026900718600e+04 1.728133962307474647e+01 1.030000000000000013e-02
5.853304091900718049e+04 1.733115573526208664e+01 1.119999999999999989e-02
5.853304156900718226e+04 1.718697184744943129e+01 1.060000000000000005e-02
5.853304219900718454e+04 1.734882438695139584e+01 1.149999999999999981e-02
5.853304284900718631e+04 1.719464049912418702e+01 9.700000000000000289e-03
5.853304349900718080e+04 1.734445661132608052e+01 1.119999999999999989e-02
5.853304412900718307e+04 1.718730915081349764e+01 1.060000000000000005e-02
5.853304477900718484e+04 1.723312526300084002e+01 1.190000000000000085e-02
5.853304542900718661e+04 1.740594137518818130e+01 1.110000000000000049e-02
5.853304607900718111e+04 1.744375748737552101e+01 1.099999999999999936e-02
5.853304671900718677e+04 1.689959181320562465e+01 2.699999999999999969e-02
5.853304735900718515e+04 1.733442613905027940e+01 1.110000000000000049e-02
5.853304800900718692e+04 1.733524225123762363e+01 1.110000000000000049e-02
5.853304864900718530e+04 1.746107657708227734e+01 1.349999999999999985e-02
5.853304929900718707e+04 1.668189268926961688e+01 2.779999999999999832e-02
5.853304994900718157e+04 1.679470880145695943e+01 2.910000000000000087e-02
5.853305058900718723e+04 1.752054312728706265e+01 1.089999999999999997e-02
5.853305122900718561e+04 1.746937745313171675e+01 1.089999999999999997e-02
5.853305187900718010e+04 1.723119356533361213e+01 2.309999999999999901e-02
5.853305252900718187e+04 1.713400967750640191e+01 2.270000000000000143e-02
5.853305315900718415e+04 1.732286221700837103e+01 2.450000000000000094e-02
5.853305380900718592e+04 1.714067832919571188e+01 2.079999999999999905e-02
5.853305445900718041e+04 1.730649444138305171e+01 2.610000000000000167e-02
5.853305510900718218e+04 1.728431055357039625e+01 2.510000000000000078e-02
5.853305573900718446e+04 1.727316309305781061e+01 3.009999999999999828e-02
5.853305638900718623e+04 1.723897920524515115e+01 2.510000000000000078e-02
5.853305703900718072e+04 1.737779531743249350e+01 2.560000000000000123e-02
5.853305767900718638e+04 1.766962964326259566e+01 1.629999999999999852e-02
5.853305831900718476e+04 1.772046396912180555e+01 1.669999999999999957e-02
5.853305896900718653e+04 1.759128008129459531e+01 2.690000000000000030e-02
5.853305961900718103e+04 1.766709619349648719e+01 2.419999999999999929e-02
5.853306025900718669e+04 1.745193051932659145e+01 2.280000000000000082e-02
5.853306090900718118e+04 1.755074663151393111e+01 2.280000000000000082e-02
5.853306154900718684e+04 1.761958095734403429e+01 2.309999999999999901e-02
5.853306371900718659e+04 1.750962859341607114e+01 2.249999999999999917e-02
5.853306436900718109e+04 1.764744470560341227e+01 2.350000000000000006e-02
5.853306500900718675e+04 1.768227903143351298e+01 2.259999999999999856e-02
5.853306629900718690e+04 1.790192946946551089e+01 2.249999999999999917e-02
5.853306694900718139e+04 1.785974558165285231e+01 2.350000000000000006e-02
5.853306757900718367e+04 1.795559812115482146e+01 2.299999999999999961e-02
5.853306822900718544e+04 1.780741423334216122e+01 2.259999999999999856e-02
5.853307080900718574e+04 1.795171510939160342e+01 2.110000000000000070e-02
5.853307209900718590e+04 1.802236554742360042e+01 2.129999999999999949e-02
5.853307274900718039e+04 1.769318165961094280e+01 1.379999999999999977e-02
5.853307338900718605e+04 1.771601598544104661e+01 3.470000000000000168e-02
5.853307467900718621e+04 1.751666642347304048e+01 1.600000000000000033e-02
5.853307532900718070e+04 1.778448253566038417e+01 1.779999999999999985e-02
5.853307597900718247e+04 1.779429864784772519e+01 1.919999999999999832e-02
5.853307660900718474e+04 1.774815118734969488e+01 1.490000000000000005e-02
5.853307725900718651e+04 1.774896729952248364e+01 1.430000000000000021e-02
5.853307790900718101e+04 1.739078341172437803e+01 1.580000000000000154e-02
5.853307855900718278e+04 1.766759952389716659e+01 1.779999999999999985e-02
5.853307918900718505e+04 1.751145206339913329e+01 1.739999999999999880e-02
5.853307983900718682e+04 1.746226817558647681e+01 1.859999999999999848e-02
5.853308048900718131e+04 1.742408428777381957e+01 1.799999999999999864e-02
5.853308113900718308e+04 1.754790039996116136e+01 1.890000000000000013e-02
5.853308176900718536e+04 1.739175293944857614e+01 1.710000000000000062e-02
5.853308241900718713e+04 1.739556905163591694e+01 1.750000000000000167e-02
5.853308306900718162e+04 1.778938516382325830e+01 3.180000000000000188e-02
5.853308370900718000e+04 1.771121948966791493e+01 3.020000000000000115e-02
5.853308434900718566e+04 1.745605381551256841e+01 1.930000000000000118e-02
5.853308499900718016e+04 1.781186992769990951e+01 3.200000000000000067e-02
5.853308564900718193e+04 1.795868603988725098e+01 3.969999999999999918e-02
5.853308628900718031e+04 1.736952036573190838e+01 1.640000000000000138e-02
5.853308693900718208e+04 1.778233647790469618e+01 3.740000000000000269e-02
5.853308757900718047e+04 1.809517080374935105e+01 5.790000000000000008e-02
5.853308821900718613e+04 1.753500512959400837e+01 2.719999999999999848e-02
5.853308886900718062e+04 1.661082124178134833e+01 5.020000000000000157e-02
5.853308951900718239e+04 1.675063735396869191e+01 3.200000000000000067e-02
5.853309015900718077e+04 1.700347167981334451e+01 3.610000000000000014e-02
5.853309144900718093e+04 1.774312211783079007e+01 3.749999999999999861e-02
5.853309209900718270e+04 1.738093823001813121e+01 3.280000000000000276e-02
5.853309272900718497e+04 1.751279076952009817e+01 1.660000000000000017e-02
5.853309337900718674e+04 1.799660688169289102e+01 4.950000000000000233e-02
5.853309402900718123e+04 1.664342299389478441e+01 1.290000000000000001e-02
5.853309467900718300e+04 1.732223910606757400e+01 2.009999999999999981e-02
5.853309531900718139e+04 1.768007343191222702e+01 3.109999999999999917e-02
5.853309731900718180e+04 1.679843070017313522e+01 1.540000000000000049e-02
5.853309796900718356e+04 1.663824681236047809e+01 2.400000000000000050e-02
5.853309860900718195e+04 1.779808113820513427e+01 1.190000000000000085e-02
5.853309925900718372e+04 1.701789725037792422e+01 1.619999999999999912e-02
5.853309989900718210e+04 1.695173157622257776e+01 1.549999999999999989e-02
5.853310054900718387e+04 1.698454768840991846e+01 1.409999999999999969e-02
5.853310119900718564e+04 1.692836380058270862e+01 1.629999999999999852e-02
5.853310247900718241e+04 1.721203245228657153e+01 1.499999999999999944e-02
5.853310312900718418e+04 1.721284856445936029e+01 1.770000000000000046e-02
5.853310377900718595e+04 1.721466467664670219e+01 1.439999999999999961e-02
5.853310440900718095e+04 1.738451721614866941e+01 1.379999999999999977e-02
5.853310505900718272e+04 1.730233332833601168e+01 1.149999999999999981e-02
5.853310570900718449e+04 1.781014944050880189e+01 2.630000000000000046e-02
5.853310635900718626e+04 1.791396555269614410e+01 2.790000000000000119e-02
5.853310698900718126e+04 1.731081809221266354e+01 1.439999999999999961e-02
5.853310763900718302e+04 1.754763420438545296e+01 3.300000000000000155e-02
5.853310828900718479e+04 1.738245031657279682e+01 9.799999999999999684e-03
5.853310892900718318e+04 1.753528464241745155e+01 1.030000000000000013e-02
5.853310956900718156e+04 1.745411896826210452e+01 1.549999999999999989e-02
5.853311021900718333e+04 1.767493508044944761e+01 1.239999999999999956e-02
5.853311086900718510e+04 1.789275119262223512e+01 1.430000000000000021e-02
5.853311150900718349e+04 1.797858551846688968e+01 1.480000000000000066e-02
5.853311215900718526e+04 1.773540163065423414e+01 1.299999999999999940e-02
5.853311279900718364e+04 1.785423595649888640e+01 1.460000000000000013e-02
5.853311343900718202e+04 1.749407028234354300e+01 1.349999999999999985e-02
5.853311408900718379e+04 1.774788639451633188e+01 1.789999999999999925e-02
5.853311473900718556e+04 1.774070250670367344e+01 1.770000000000000046e-02
5.853311537900718395e+04 1.747853683254832902e+01 1.370000000000000037e-02
5.853311601900718233e+04 1.759337115839298349e+01 1.510000000000000057e-02
5.853311666900718410e+04 1.817718727058032613e+01 2.029999999999999860e-02
5.853311731900718587e+04 1.743400338275311512e+01 1.400000000000000029e-02
5.853311796900718036e+04 1.801281949495501067e+01 1.280000000000000061e-02
5.853311859900718264e+04 1.793167203444242475e+01 1.499999999999999944e-02
5.853311924900718441e+04 1.731048814662976554e+01 9.499999999999999764e-03
5.853311989900718618e+04 1.776930425881710818e+01 1.280000000000000061e-02
5.853312053900718456e+04 1.737113858466176453e+01 9.799999999999999684e-03
5.853312117900718295e+04 1.795797291050641675e+01 1.859999999999999848e-02
5.853312182900718472e+04 1.796378902267920807e+01 1.849999999999999908e-02
5.853312247900718648e+04 1.734460513486655131e+01 1.319999999999999993e-02
5.853312311900718487e+04 1.796243946071120590e+01 3.059999999999999873e-02
5.853312375900718325e+04 1.793527378655586091e+01 1.919999999999999832e-02
5.853312440900718502e+04 1.741708989874320324e+01 1.060000000000000005e-02
5.853312504900718341e+04 1.730892422458785518e+01 1.149999999999999981e-02
5.853312569900718518e+04 1.734574033676064531e+01 1.039999999999999952e-02
5.853312634900718695e+04 1.740455644894798937e+01 1.009999999999999960e-02
5.853312698900718533e+04 1.740539077479264307e+01 1.060000000000000005e-02
5.853312762900718371e+04 1.755722510063729658e+01 2.050000000000000086e-02
5.853312827900718548e+04 1.757904121282463805e+01 1.119999999999999989e-02
5.853312892900717998e+04 1.759185732501198274e+01 1.099999999999999936e-02
5.853313071900718205e+04 1.724359708010556602e+01 9.299999999999999239e-03
5.853313136900718382e+04 1.718941319227835507e+01 1.420000000000000082e-02
5.853313200900718221e+04 1.714824751812301074e+01 1.490000000000000005e-02
5.853313264900718059e+04 1.710308184396766507e+01 1.290000000000000001e-02
5.853313329900718236e+04 1.712189795615500643e+01 1.230000000000000017e-02
5.853313394900718413e+04 1.690971406834234969e+01 1.450000000000000074e-02
5.853313458900718251e+04 1.711154839418700391e+01 1.239999999999999956e-02
5.853313522900718090e+04 1.697138272003165937e+01 1.349999999999999985e-02
5.853313587900718267e+04 1.726819883220445107e+01 1.569999999999999868e-02
5.853313652900718444e+04 1.709801494439179237e+01 1.689999999999999836e-02
5.853313716900718282e+04 1.740084927023644568e+01 1.099999999999999936e-02
5.853313781900718459e+04 1.728666538240923600e+01 1.190000000000000085e-02
5.853313845900718297e+04 1.723049970826844302e+01 1.110000000000000049e-02
5.853313909900718136e+04 1.730133403411309700e+01 2.040000000000000147e-02
5.853313974900718313e+04 1.708215014628588690e+01 1.760000000000000106e-02
5.853314039900718490e+04 1.716796625847322844e+01 1.260000000000000009e-02
5.853314103900718328e+04 1.694180058431788538e+01 1.750000000000000167e-02
5.853314167900718166e+04 1.735463491016253812e+01 1.590000000000000094e-02
5.853314232900718343e+04 1.737545102233533001e+01 1.329999999999999932e-02
5.853314297900718520e+04 1.714726713452267148e+01 1.359999999999999924e-02
5.853314360900718020e+04 1.714511967403919002e+01 1.340000000000000045e-02
5.853314425900718197e+04 1.719993578621198083e+01 1.469999999999999953e-02
5.853314490900718374e+04 1.728875189839932247e+01 1.619999999999999912e-02
5.853314555900718551e+04 1.730256801057211291e+01 1.030000000000000013e-02
5.853314618900718051e+04 1.728842055008863099e+01 1.700000000000000122e-02
5.853314683900718228e+04 1.729323666227597300e+01 1.710000000000000062e-02
5.853314748900718405e+04 1.727005277444876441e+01 1.810000000000000150e-02
5.853314813900718582e+04 1.720786888663610625e+01 1.650000000000000078e-02
5.853314877900718420e+04 1.720870321248075996e+01 1.779999999999999985e-02
5.853314941900718259e+04 1.736653753832541369e+01 1.949999999999999997e-02
5.853315006900718436e+04 1.731335365049820396e+01 1.919999999999999832e-02
5.853315070900718274e+04 1.741618797634285798e+01 1.870000000000000134e-02
5.853315135900718451e+04 1.720400408853020124e+01 1.770000000000000046e-02
5.853315200900718628e+04 1.726082020071754286e+01 1.859999999999999848e-02
5.853315264900718466e+04 1.726965452656219924e+01 1.899999999999999953e-02
5.853315328900718305e+04 1.746448885240685200e+01 1.260000000000000009e-02
5.853315393900718482e+04 1.693330496457964074e+01 3.479999999999999760e-02
5.853315458900718659e+04 1.732412107676698554e+01 1.220000000000000077e-02
5.853315521900718159e+04 1.745097361626895349e+01 1.239999999999999956e-02
5.853315586900718336e+04 1.698178972845629531e+01 3.670000000000000345e-02
5.853315651900718512e+04 1.738060584064363567e+01 1.739999999999999880e-02
5.853315716900718689e+04 1.726542195281642478e+01 1.220000000000000077e-02
5.853315779900718189e+04 1.755527449233294490e+01 1.700000000000000122e-02
5.853315844900718366e+04 1.752209060450573475e+01 1.499999999999999944e-02
5.853315909900718543e+04 1.741390671669307721e+01 1.310000000000000053e-02
5.853315974900718720e+04 1.739272282886586751e+01 1.469999999999999953e-02
5.853316037900718220e+04 1.741957536838238596e+01 1.580000000000000154e-02
5.853316102900718397e+04 1.732339148056972888e+01 1.119999999999999989e-02
5.853316167900718574e+04 1.733020759274251787e+01 1.069999999999999944e-02
5.853316231900718412e+04 1.730104191858717400e+01 1.030000000000000013e-02
5.853316394900718296e+04 1.739707309222687215e+01 1.129999999999999928e-02
5.853316458900718135e+04 1.731990741807152645e+01 1.080000000000000057e-02
5.853316522900718701e+04 1.740074174390163009e+01 1.119999999999999989e-02
5.853316587900718150e+04 1.726055785610352089e+01 3.109999999999999917e-02
5.853316652900718327e+04 1.758437396827631360e+01 1.250000000000000069e-02
5.853316716900718166e+04 1.754420829412096694e+01 1.299999999999999940e-02
5.853316781900718343e+04 1.768702440630830708e+01 2.139999999999999888e-02
5.853316845900718181e+04 1.708785873215296292e+01 3.740000000000000269e-02
5.853316910900718358e+04 1.717667484432575264e+01 1.209999999999999964e-02
5.853316974900718196e+04 1.711150917017040740e+01 2.500000000000000139e-02
5.853317039900718373e+04 1.763832528235775143e+01 1.280000000000000061e-02
5.853317103900718212e+04 1.729315960820240505e+01 2.819999999999999937e-02
5.853317167900718050e+04 1.758299393404706024e+01 1.340000000000000045e-02
5.853317297900718404e+04 1.705662615840719099e+01 2.500000000000000139e-02
5.853317425900718081e+04 1.738129481011105426e+01 1.269999999999999948e-02
5.853317618900718662e+04 1.728277957395859943e+01 1.200000000000000025e-02
5.853317683900718112e+04 1.737559568616049432e+01 1.230000000000000017e-02
5.853317748900718288e+04 1.753841179833328567e+01 1.269999999999999948e-02
5.853317813900718465e+04 1.745222791052062661e+01 1.299999999999999940e-02
5.853317877900718304e+04 1.735606223636527901e+01 1.269999999999999948e-02
5.853317941900718142e+04 1.725689656220993484e+01 1.200000000000000025e-02
5.853318006900718319e+04 1.710971267439727583e+01 1.190000000000000085e-02
5.853318070900718158e+04 1.719554700024193039e+01 4.030000000000000249e-02
5.853318135900718335e+04 1.704836311241472302e+01 3.200000000000000067e-02
5.853318200900718512e+04 1.687117922460206287e+01 3.320000000000000034e-02
5.853318264900718350e+04 1.615501355044671783e+01 4.989999999999999991e-02
5.853318458900718542e+04 1.649948010065150328e+01 4.739999999999999769e-02
5.853318522900718381e+04 1.666131442649615835e+01 2.709999999999999909e-02
5.853318586900718219e+04 1.666714875234081461e+01 2.929999999999999966e-02
5.853318651900718396e+04 1.643396486452815708e+01 3.699999999999999817e-02
5.853318716900718573e+04 1.684578097670094721e+01 1.810000000000000150e-02
5.853318779900718073e+04 1.677763351621746679e+01 1.980000000000000163e-02
5.853318844900718250e+04 1.719144962840480773e+01 1.209999999999999964e-02
5.853318909900718427e+04 1.695826574057759828e+01 2.989999999999999949e-02
5.853318974900718604e+04 1.749408185276493910e+01 1.340000000000000045e-02
5.853319102900718281e+04 1.737975050445425040e+01 1.379999999999999977e-02
5.853319167900718458e+04 1.734956661662704036e+01 1.329999999999999932e-02
5.853319231900718296e+04 1.709540094248624698e+01 2.189999999999999933e-02
5.853319296900718473e+04 1.713021705465903466e+01 1.149999999999999981e-02
5.853319360900718311e+04 1.722505138050368956e+01 1.250000000000000069e-02
5.853319425900718488e+04 1.743886749269103120e+01 1.349999999999999985e-02
5.853319489900718327e+04 1.654270181853568644e+01 3.710000000000000103e-02
