5.852471067654363287e+04 1.882994637708156205e+01 7.199999999999999803e-03
5.852471221654363035e+04 1.877678231256711072e+01 6.799999999999999621e-03
5.852471375654362782e+04 1.871461824805266261e+01 7.799999999999999642e-03
5.852471529654363258e+04 1.858545418350910694e+01 7.199999999999999803e-03
5.852471683654363005e+04 1.855929011899465664e+01 8.200000000000000691e-03
5.852471837654362753e+04 1.846112605448020716e+01 8.500000000000000611e-03
5.852471991654363228e+04 1.852496198996575316e+01 8.200000000000000691e-03
5.852472145654362976e+04 1.852279792545130377e+01 7.199999999999999803e-03
5.852472299654362723e+04 1.857763386093685298e+01 6.499999999999999702e-03
5.852472453654363198e+04 1.855046979639329763e+01 6.400000000000000307e-03
5.852472607654362946e+04 1.860130573187884906e+01 6.400000000000000307e-03
5.852472761654363421e+04 1.866914166733529257e+01 5.499999999999999681e-03
5.852472915654363169e+04 1.867697760282084118e+01 5.499999999999999681e-03
5.852473069654362916e+04 1.874881353833549724e+01 5.499999999999999681e-03
5.852473222654363053e+04 1.864868950017355331e+01 6.400000000000000307e-03
5.852473376654362801e+04 1.855252543568820656e+01 7.100000000000000408e-03
5.852473530654363276e+04 1.849936137114465140e+01 5.799999999999999600e-03
5.852473684654363024e+04 1.862119730663020079e+01 5.599999999999999943e-03
5.852473838654362771e+04 1.867203324211574866e+01 5.499999999999999681e-03
5.852473992654363246e+04 1.865786917757219499e+01 5.499999999999999681e-03
5.852474146654362994e+04 1.867270511305774505e+01 5.400000000000000286e-03
5.852474452654363267e+04 1.896945703679206829e+01 5.799999999999999600e-03
5.852474606654363015e+04 1.882329297227761700e+01 5.599999999999999943e-03
5.852474760654362763e+04 1.873412890779226814e+01 5.300000000000000024e-03
5.852474914654363238e+04 1.855996484324871432e+01 5.499999999999999681e-03
5.852475068654362985e+04 1.860580077873426319e+01 5.799999999999999600e-03
5.852475222654362733e+04 1.856563671421981354e+01 6.400000000000000307e-03
5.852475376654363208e+04 1.850647264967625816e+01 5.400000000000000286e-03
5.852475530654362956e+04 1.859230858516180973e+01 5.300000000000000024e-03
5.852475684654362703e+04 1.870614452064735644e+01 5.199999999999999761e-03
5.852475838654363179e+04 1.863298045613290554e+01 4.899999999999999842e-03
5.852475992654362926e+04 1.859581639161845601e+01 4.799999999999999580e-03
5.852476146654363401e+04 1.853765232707490185e+01 5.300000000000000024e-03
5.852476300654363149e+04 1.849648826256045098e+01 5.000000000000000104e-03
5.852476454654362897e+04 1.847232419804599957e+01 4.799999999999999580e-03
5.852476608654363372e+04 1.851816013350244461e+01 4.799999999999999580e-03
5.852476762654363120e+04 1.847499606898799485e+01 4.799999999999999580e-03
5.852477146654362878e+04 1.849662593411258271e+01 4.899999999999999842e-03
5.852477300654363353e+04 1.843946186956902977e+01 5.100000000000000366e-03
5.852477454654363100e+04 1.837229780505457910e+01 5.000000000000000104e-03
5.852477608654362848e+04 1.843913374054012877e+01 5.100000000000000366e-03
5.852477762654363323e+04 1.841796967599657364e+01 6.000000000000000125e-03
5.852477916654363071e+04 1.847880561148212308e+01 5.300000000000000024e-03
5.852478070654362818e+04 1.845964154696767068e+01 5.199999999999999761e-03
5.852478224654363294e+04 1.843747748245322171e+01 5.300000000000000024e-03
5.852478378654363041e+04 1.840931341793876896e+01 5.000000000000000104e-03
5.852478532654362789e+04 1.844814935342431994e+01 5.100000000000000366e-03
5.852478686654363264e+04 1.841398528888076314e+01 5.199999999999999761e-03
5.852478840654363012e+04 1.847382122436631491e+01 4.799999999999999580e-03
5.852478994654362759e+04 1.852065715985186500e+01 5.199999999999999761e-03
5.852479148654363235e+04 1.851249309530830800e+01 5.499999999999999681e-03
5.852479302654362982e+04 1.844032903079385832e+01 5.000000000000000104e-03
5.852479456654362730e+04 1.851516496630851094e+01 5.700000000000000205e-03
5.852479610654363205e+04 1.849400090176495581e+01 5.300000000000000024e-03
5.852479764654362953e+04 1.851783683725050622e+01 5.799999999999999600e-03
5.852479918654362700e+04 1.851567277273605683e+01 5.700000000000000205e-03
5.852480072654363175e+04 1.856450870819250198e+01 5.799999999999999600e-03
5.852480242654363246e+04 1.849970422139763926e+01 5.400000000000000286e-03
5.852480395654363383e+04 1.850158018326479947e+01 5.499999999999999681e-03
5.852480550654362742e+04 1.875937609236873627e+01 5.599999999999999943e-03
5.852480703654362878e+04 1.858925205423589588e+01 5.700000000000000205e-03
5.852480857654363354e+04 1.867808798969234374e+01 5.700000000000000205e-03
5.852481011654363101e+04 1.860792392517789295e+01 5.599999999999999943e-03
5.852481166654363187e+04 1.855771983425272609e+01 5.599999999999999943e-03
5.852481319654363324e+04 1.855759579611988741e+01 5.400000000000000286e-03
5.852481473654363072e+04 1.844543173163453886e+01 5.599999999999999943e-03
5.852481627654362819e+04 1.846626766712008916e+01 6.100000000000000387e-03
5.852481781654363294e+04 1.840610360257653610e+01 5.300000000000000024e-03
5.852481935654363042e+04 1.853093953806208205e+01 6.100000000000000387e-03
5.852482089654362790e+04 1.854077547354763311e+01 5.599999999999999943e-03
5.852482243654363265e+04 1.847361140900407861e+01 5.499999999999999681e-03
5.852482397654363012e+04 1.849244734448962646e+01 5.700000000000000205e-03
5.852482551654362760e+04 1.859328328000428243e+01 5.799999999999999600e-03
5.852482705654363235e+04 1.860111921546072722e+01 5.700000000000000205e-03
5.852482859654362983e+04 1.850295515094627419e+01 5.499999999999999681e-03
5.852483013654362730e+04 1.857579108643182408e+01 5.700000000000000205e-03
5.852483167654363206e+04 1.866862702188826972e+01 6.000000000000000125e-03
5.852484338654363091e+04 1.899375611569126931e+01 8.600000000000000006e-03
5.852484492654362839e+04 1.892959205120592259e+01 6.899999999999999883e-03
5.852484646654363314e+04 1.878042798666236735e+01 6.499999999999999702e-03
5.852484800654363062e+04 1.888926392214791861e+01 7.100000000000000408e-03
5.852484954654362809e+04 1.896709985763346751e+01 8.300000000000000086e-03
5.852485108654363285e+04 1.876493579308991144e+01 6.700000000000000226e-03
5.852485262654363032e+04 1.865977172857546051e+01 6.300000000000000044e-03
5.852485416654362780e+04 1.893760766406101226e+01 7.599999999999999985e-03
5.852485570654363255e+04 1.862044359954656159e+01 6.400000000000000307e-03
5.852485724654363003e+04 1.861727953503211097e+01 6.199999999999999782e-03
5.852485878654362750e+04 1.869211547051765976e+01 6.700000000000000226e-03
5.852486032654363225e+04 1.874095140597410492e+01 8.399999999999999481e-03
5.852486186654362973e+04 1.864378734145965311e+01 6.700000000000000226e-03
5.852486340654362721e+04 1.860962327694520368e+01 6.899999999999999883e-03
5.852486494654363196e+04 1.848945921240164836e+01 7.199999999999999803e-03
5.852486648654362943e+04 1.846729514788719584e+01 9.900000000000000813e-03
5.852486802654363419e+04 1.840413108337274650e+01 1.220000000000000077e-02
5.852486956654363166e+04 1.839496701885829566e+01 1.490000000000000005e-02
