Time(days) Mag Mag_err TrueMag
5.003086 -0.027480 0.030000 -0.044916
5.037808 -0.204242 0.030000 -0.202918
8.005668 -0.223226 0.030000 -0.200683
8.039002 -0.047700 0.030000 -0.061992
11.981981 0.014490 0.030000 0.019413
12.010453 -0.189647 0.030000 -0.176898
14.942653 -0.002424 0.030000 -0.002784
14.970431 -0.017256 0.030000 -0.064826
17.919348 0.033509 0.030000 0.008497
17.953376 -0.171068 0.030000 -0.169963
20.901587 -0.000787 0.030000 0.018192
20.925892 -0.172748 0.030000 -0.171855
24.908212 -0.004129 0.030000 -0.002640
24.933212 -0.037668 0.030000 -0.036139
27.913743 -0.182197 0.030000 -0.127971
27.943604 -0.147105 0.030000 -0.202678
31.875594 0.039085 0.030000 0.011188
31.909622 -0.014760 0.030000 0.015896
34.932482 -0.239620 0.030000 -0.202294
34.961649 -0.039769 0.030000 -0.078958
37.860769 -0.000100 0.030000 0.017722
37.885769 -0.198249 0.030000 -0.176822
41.919250 -0.200384 0.030000 -0.196954
41.949111 -0.137191 0.030000 -0.130495
44.900827 -0.174760 0.030000 -0.203002
44.923743 -0.052561 0.030000 -0.110346
49.833041 0.078102 0.030000 0.085983
49.862207 0.175307 0.030000 0.157904
52.829430 0.225638 0.030000 0.186741
52.854430 0.039431 0.030000 0.016772
54.722833 -0.008802 0.01 -0.025909
54.724222 0.010695 0.01 0.004872
54.725611 0.034481 0.01 0.034704
54.727000 0.070108 0.01 0.061792
54.728389 0.099329 0.01 0.086230
54.729778 0.107972 0.01 0.108116
54.731167 0.128509 0.01 0.127545
54.732556 0.125552 0.01 0.144613
54.733944 0.159913 0.01 0.159417
54.735333 0.178907 0.01 0.172052
54.736722 0.165733 0.01 0.182616
54.738111 0.181404 0.01 0.191203
54.739500 0.203145 0.01 0.197911
54.740889 0.202853 0.01 0.202835
54.742278 0.201478 0.01 0.206072
54.743667 0.221674 0.01 0.207717
54.745056 0.208645 0.01 0.207867
54.746444 0.185603 0.01 0.206618
54.747833 0.210661 0.01 0.204067
54.749222 0.193170 0.01 0.200309
54.750611 0.192620 0.01 0.195440
54.752000 0.189103 0.01 0.189557
54.753389 0.175888 0.01 0.182756
54.754778 0.171583 0.01 0.175133
54.756167 0.172632 0.01 0.166784
54.757556 0.142595 0.01 0.157805
54.758944 0.138616 0.01 0.148293
54.760333 0.140000 0.01 0.138344
54.761722 0.144904 0.01 0.128053
54.763111 0.126246 0.01 0.117518
54.764500 0.085810 0.01 0.106834
54.765889 0.089239 0.01 0.096097
54.767278 0.088090 0.01 0.085403
54.768667 0.083311 0.01 0.074849
54.770056 0.065531 0.01 0.064531
54.771444 0.053170 0.01 0.054545
54.772833 0.057286 0.01 0.044987
54.774222 0.040391 0.01 0.035953
54.775611 0.021137 0.01 0.027540
54.777000 0.011882 0.01 0.019843
54.778389 0.011946 0.01 0.012916
54.779778 -0.003733 0.01 0.006741
54.781167 -0.004909 0.01 0.001296
54.782556 -0.018106 0.01 -0.003443
54.783944 -0.020183 0.01 -0.007500
54.785333 0.002033 0.01 -0.010898
54.786722 -0.019094 0.01 -0.013660
54.788111 -0.021839 0.01 -0.015810
54.789500 -0.032212 0.01 -0.017372
54.790889 -0.020828 0.01 -0.018369
54.792278 -0.027462 0.01 -0.018825
54.793667 -0.020585 0.01 -0.018762
54.795056 -0.020297 0.01 -0.018205
54.796444 -0.010523 0.01 -0.017176
54.797833 -0.012894 0.01 -0.015701
54.799222 -0.015059 0.01 -0.013801
54.800611 -0.017879 0.01 -0.011500
54.802000 -0.001398 0.01 -0.008822
54.803389 -0.017121 0.01 -0.005792
54.804778 -0.006566 0.01 -0.002478
54.806167 0.024899 0.01 0.000998
54.807556 0.012299 0.01 0.004510
54.808944 -0.007452 0.01 0.007932
54.810333 0.015567 0.01 0.011139
54.811722 0.004684 0.01 0.014005
54.813111 0.014826 0.01 0.016404
54.814500 0.010298 0.01 0.018211
54.815889 0.009924 0.01 0.019300
54.817278 0.009485 0.01 0.019545
54.818667 0.020605 0.01 0.018820
54.820056 0.006666 0.01 0.017000
54.821444 0.011230 0.01 0.013959
54.822833 0.004233 0.01 0.009572
54.824222 -0.006340 0.01 0.003712
54.825611 0.004027 0.01 -0.003746
54.827000 -0.015671 0.01 -0.012928
54.828389 -0.043210 0.01 -0.023957
54.829778 -0.023406 0.01 -0.036781
54.831167 -0.050954 0.01 -0.051011
54.832556 -0.063085 0.01 -0.066220
54.833944 -0.071570 0.01 -0.081982
54.835333 -0.089809 0.01 -0.097871
54.836722 -0.119228 0.01 -0.113462
54.838111 -0.149645 0.01 -0.128328
54.839500 -0.135778 0.01 -0.142044
54.840889 -0.156741 0.01 -0.154182
54.842278 -0.172672 0.01 -0.164332
54.843667 -0.164047 0.01 -0.172414
54.845056 -0.189949 0.01 -0.178688
54.846444 -0.192332 0.01 -0.183426
54.847833 -0.192505 0.01 -0.186903
54.849222 -0.184230 0.01 -0.189391
54.850611 -0.185665 0.01 -0.191165
54.852000 -0.188358 0.01 -0.192498
54.853389 -0.184554 0.01 -0.193663
54.854778 -0.203486 0.01 -0.194898
54.856167 -0.197726 0.01 -0.196222
54.857556 -0.203380 0.01 -0.197577
54.858944 -0.208555 0.01 -0.198902
54.860333 -0.195345 0.01 -0.200138
54.861722 -0.219374 0.01 -0.201225
54.863111 -0.196350 0.01 -0.202102
54.864500 -0.190846 0.01 -0.202711
54.865889 -0.200277 0.01 -0.202991
54.867278 -0.209741 0.01 -0.202883
54.868667 -0.214825 0.01 -0.202327
54.870056 -0.211611 0.01 -0.201262
54.871444 -0.210425 0.01 -0.199629
54.872833 -0.182078 0.01 -0.197369
54.874222 -0.197359 0.01 -0.194421
54.875611 -0.193210 0.01 -0.190726
54.877000 -0.169335 0.01 -0.186224
54.878389 -0.192206 0.01 -0.180856
54.879778 -0.155277 0.01 -0.174604
54.881167 -0.160440 0.01 -0.167491
54.882556 -0.153828 0.01 -0.159541
54.883944 -0.149755 0.01 -0.150780
54.885333 -0.145166 0.01 -0.141233
54.886722 -0.136172 0.01 -0.130924
54.888111 -0.121759 0.01 -0.119878
54.889500 -0.096181 0.01 -0.108120
54.890889 -0.084215 0.01 -0.095675
54.892278 -0.082522 0.01 -0.082568
54.893667 -0.062644 0.01 -0.068825
54.895056 -0.077526 0.01 -0.054469
54.896444 -0.042746 0.01 -0.039525
