2.449627490495278500e+06,1.033189289229926366e+00,2.573490652877530142e-03
2.449627493967682589e+06,1.028965178113309342e+00,2.573490652877530142e-03
2.449627497440086678e+06,1.031188820398778017e+00,2.573490652877530142e-03
2.449627500912490766e+06,1.029986503099519446e+00,2.573490652877530142e-03
2.449627504384895787e+06,1.020523408478809735e+00,2.573490652877530142e-03
2.449627507857299875e+06,1.018420450729798032e+00,2.573490652877530142e-03
2.449627511329703964e+06,1.020504089419612681e+00,2.573490652877530142e-03
2.449627514802108519e+06,1.006622986102168493e+00,2.573490652877530142e-03
2.449627518274512608e+06,1.002770812056031025e+00,2.573490652877530142e-03
2.449627521746916696e+06,9.936772732007932429e-01,2.573490652877530142e-03
2.449627525219320785e+06,9.912223988991690771e-01,2.573490652877530142e-03
2.449627528691725340e+06,9.928464488324199033e-01,2.573490652877530142e-03
2.449627532164129429e+06,9.896116876442242472e-01,2.573490652877530142e-03
2.449627535636533517e+06,9.862731911740381108e-01,2.573490652877530142e-03
2.449627539108937606e+06,9.837909400810459504e-01,2.573490652877530142e-03
2.449627542581342161e+06,9.781129582992686977e-01,2.573490652877530142e-03
2.449627546053746715e+06,9.722574885788758392e-01,2.573490652877530142e-03
2.449627549526151270e+06,9.766877125731256992e-01,2.573490652877530142e-03
2.449627552998555824e+06,9.748862085290583845e-01,2.573490652877530142e-03
2.449627556470959913e+06,9.699014496255892182e-01,2.573490652877530142e-03
2.449627559943363536e+06,9.738098334072210482e-01,2.573490652877530142e-03
2.449627563415768091e+06,9.792599668010566472e-01,2.573490652877530142e-03
2.449627566888172645e+06,9.848867832035699266e-01,2.573490652877530142e-03
2.449627570360576734e+06,9.907264238600754780e-01,2.573490652877530142e-03
2.449627573832980823e+06,1.005021036146846347e+00,2.573490652877530142e-03
2.449627577305384912e+06,1.020471458247811380e+00,2.573490652877530142e-03
2.449627580777789000e+06,1.030783928786981773e+00,2.573490652877530142e-03
2.449627584250194021e+06,1.037593855338517113e+00,2.573490652877530142e-03
2.449627587722597644e+06,1.043060261945737199e+00,2.573490652877530142e-03
2.449627591195001733e+06,1.038205328861404375e+00,2.573490652877530142e-03
2.449627594667406753e+06,1.021133513657653147e+00,2.573490652877530142e-03
2.449627598139810842e+06,1.012164820594362746e+00,2.573490652877530142e-03
2.449627601612214465e+06,9.915992650182972046e-01,2.573490652877530142e-03
2.449627605084619485e+06,9.703819908108854975e-01,2.573490652877530142e-03
2.449627608557023574e+06,9.548888116428694284e-01,2.573490652877530142e-03
2.449627612029427662e+06,9.439961702781747288e-01,2.573490652877530142e-03
2.449627615501832217e+06,9.482365085094710544e-01,2.573490652877530142e-03
2.449627618974236771e+06,9.515708072534719841e-01,2.573490652877530142e-03
2.449627622446640395e+06,9.652779256178775080e-01,2.573490652877530142e-03
2.449627625919044949e+06,9.921596205504230603e-01,2.573490652877530142e-03
2.449627629391449038e+06,1.007722436841080871e+00,2.573490652877530142e-03
2.449627632863853127e+06,1.019164014669842189e+00,2.573490652877530142e-03
2.449627636336258147e+06,1.023527380226252559e+00,2.573490652877530142e-03
2.449627639808662701e+06,1.030581112453853976e+00,2.573490652877530142e-03
2.449627643281066790e+06,1.026617037477715488e+00,2.573490652877530142e-03
2.449627646753470413e+06,1.026875487658168273e+00,2.573490652877530142e-03
2.449627650225874968e+06,1.025484550428581887e+00,2.573490652877530142e-03
2.449627653698279522e+06,1.024612494168123389e+00,2.573490652877530142e-03
2.449627657170683611e+06,1.020468298456362222e+00,2.573490652877530142e-03
2.449627660643087700e+06,1.013540832639526323e+00,2.573490652877530142e-03
2.449627664115491789e+06,1.007825027065984980e+00,2.573490652877530142e-03
2.449627667587896809e+06,1.002980994350759936e+00,2.573490652877530142e-03
2.449627671060301363e+06,9.950399475594854382e-01,2.573490652877530142e-03
2.449627674532705452e+06,9.910101432119188258e-01,2.573490652877530142e-03
2.449627678005109541e+06,9.972592676342647566e-01,2.573490652877530142e-03
2.449627681477513630e+06,9.919706406817561106e-01,2.573490652877530142e-03
2.449627684949918184e+06,9.891752815482555139e-01,2.573490652877530142e-03
2.449627688422322739e+06,9.887182448409927993e-01,2.573490652877530142e-03
2.449627691894726362e+06,9.807775033443572044e-01,2.573490652877530142e-03
2.449627695367131382e+06,9.793215562661096163e-01,2.573490652877530142e-03
2.449627698839535471e+06,9.743898495778055002e-01,2.573490652877530142e-03
2.449628494020142127e+06,1.031393208358932778e+00,2.573490652877530142e-03
2.449628497492546681e+06,1.015479857285443988e+00,2.573490652877530142e-03
2.449628500964950770e+06,9.978495734340182555e-01,2.573490652877530142e-03
2.449628504437355790e+06,9.872610276091533521e-01,2.573490652877530142e-03
2.449628507909759879e+06,9.641892710365853603e-01,2.573490652877530142e-03
2.449628511382164434e+06,9.521476826252004422e-01,2.573490652877530142e-03
2.449628514854568522e+06,9.526005825325802867e-01,2.573490652877530142e-03
2.449628518326972611e+06,9.554486669302038049e-01,2.573490652877530142e-03
2.449628521799377631e+06,9.615327903415370470e-01,2.573490652877530142e-03
2.449628525271781720e+06,9.870240482127669024e-01,2.573490652877530142e-03
2.449628528744186740e+06,1.004475122727584102e+00,2.573490652877530142e-03
2.449628532216591295e+06,1.012338802023220907e+00,2.573490652877530142e-03
2.449628535688995849e+06,1.025146595823321460e+00,2.573490652877530142e-03
2.449628539161400404e+06,1.021631110461703296e+00,2.573490652877530142e-03
2.449628542633804493e+06,1.033195158412586467e+00,2.573490652877530142e-03
2.449628546106208581e+06,1.026318014816471447e+00,2.573490652877530142e-03
2.449628549578613602e+06,1.027270507378434505e+00,2.573490652877530142e-03
2.449628553051017690e+06,1.024469145500714884e+00,2.573490652877530142e-03
2.449628556523422711e+06,1.014428009976324763e+00,2.573490652877530142e-03
2.449628559995826334e+06,1.017494676449950175e+00,2.573490652877530142e-03
2.449628563468232285e+06,1.013676025864810537e+00,2.573490652877530142e-03
2.449628566940636374e+06,1.007662346510085793e+00,2.573490652877530142e-03
2.449628570413039997e+06,1.000401236437608032e+00,2.573490652877530142e-03
2.449628573885444552e+06,9.848583492700431208e-01,2.573490652877530142e-03
2.449628577357849106e+06,9.924567329383197078e-01,2.573490652877530142e-03
2.449628580830254126e+06,9.938587787935305728e-01,2.573490652877530142e-03
2.449628584302658215e+06,9.897850379078323435e-01,2.573490652877530142e-03
2.449628587775062304e+06,9.888396670673390565e-01,2.573490652877530142e-03
2.449628591247467324e+06,9.858598889415437494e-01,2.573490652877530142e-03
2.449628594719872344e+06,9.789268281658514148e-01,2.573490652877530142e-03
2.449628598192276433e+06,9.757167988290930127e-01,2.573490652877530142e-03
2.449628601664680988e+06,9.743672729250828501e-01,2.573490652877530142e-03
2.449628605137085076e+06,9.747067645284288595e-01,2.573490652877530142e-03
2.449628608609490097e+06,9.716619133329972291e-01,2.573490652877530142e-03
2.449628612081894185e+06,9.679526579606356762e-01,2.573490652877530142e-03
2.449628615554299206e+06,9.822350627651532662e-01,2.573490652877530142e-03
2.449628619026703294e+06,9.866518233028392926e-01,2.573490652877530142e-03
2.449628622499107849e+06,9.976351594328732864e-01,2.573490652877530142e-03
2.449628625971512869e+06,1.009126292204973740e+00,2.573490652877530142e-03
2.449628629443916958e+06,1.018783556624976994e+00,2.573490652877530142e-03
2.449628632916321047e+06,1.034334473193686765e+00,2.573490652877530142e-03
2.449628636388725601e+06,1.035539027395113054e+00,2.573490652877530142e-03
2.449628639861130156e+06,1.041481346946642184e+00,2.573490652877530142e-03
2.449628643333535176e+06,1.032361932728584897e+00,2.573490652877530142e-03
2.449628646805939265e+06,1.019528821103299343e+00,2.573490652877530142e-03
2.449628650278344285e+06,1.006337081786354615e+00,2.573490652877530142e-03
2.449628653750748839e+06,9.864232743695225958e-01,2.573490652877530142e-03
2.449628657223152462e+06,9.649438035231699962e-01,2.573490652877530142e-03
2.449628660695557017e+06,9.502644141316308746e-01,2.573490652877530142e-03
2.449628664167962037e+06,9.410510602124174673e-01,2.573490652877530142e-03
2.449628667640366126e+06,9.487617667893598616e-01,2.573490652877530142e-03
2.449628671112771146e+06,9.577020018823041436e-01,2.573490652877530142e-03
2.449628674585176166e+06,9.829691305522554323e-01,2.573490652877530142e-03
2.449628678057579789e+06,9.930819608551573197e-01,2.573490652877530142e-03
2.449628681529984344e+06,1.009722029266895582e+00,2.573490652877530142e-03
2.449628685002388898e+06,1.020298669585118834e+00,2.573490652877530142e-03
2.449628688474793453e+06,1.023026417993962767e+00,2.573490652877530142e-03
2.449628691947198007e+06,1.034011043831049470e+00,2.573490652877530142e-03
2.449628695419602562e+06,1.029913092631209226e+00,2.573490652877530142e-03
2.449628698892006185e+06,1.030795713321842610e+00,2.573490652877530142e-03
2.449629494072652888e+06,9.794826998852416144e-01,2.573490652877530142e-03
2.449629497545056976e+06,9.820740780471037823e-01,2.573490652877530142e-03
2.449629501017461997e+06,9.742503493931776726e-01,2.573490652877530142e-03
2.449629504489867017e+06,9.803262712454698935e-01,2.573490652877530142e-03
2.449629507962272037e+06,9.809921170785649291e-01,2.573490652877530142e-03
2.449629511434675660e+06,9.706398640259404909e-01,2.573490652877530142e-03
2.449629514907080680e+06,9.785416380861214902e-01,2.573490652877530142e-03
2.449629518379485235e+06,9.865904518565995485e-01,2.573490652877530142e-03
2.449629521851890720e+06,9.920293101101805844e-01,2.573490652877530142e-03
2.449629525324294809e+06,1.001448382154392247e+00,2.573490652877530142e-03
2.449629528796699829e+06,1.019127446174796781e+00,2.573490652877530142e-03
2.449629532269103918e+06,1.029561171322208812e+00,2.573490652877530142e-03
2.449629535741508938e+06,1.039466785693513140e+00,2.573490652877530142e-03
2.449629539213913027e+06,1.042431870327170218e+00,2.573490652877530142e-03
2.449629542686317116e+06,1.045952741703885858e+00,2.573490652877530142e-03
2.449629546158722136e+06,1.024159304973337292e+00,2.573490652877530142e-03
2.449629549631127156e+06,1.010440177698393116e+00,2.573490652877530142e-03
2.449629553103532176e+06,9.975035789548557519e-01,2.573490652877530142e-03
2.449629556575935800e+06,9.748463821866967249e-01,2.573490652877530142e-03
2.449629560048340820e+06,9.558133660156078459e-01,2.573490652877530142e-03
2.449629563520745840e+06,9.529619196601224473e-01,2.573490652877530142e-03
2.449629566993150394e+06,9.453861569211993165e-01,2.573490652877530142e-03
2.449629570465554949e+06,9.569531535091376773e-01,2.573490652877530142e-03
2.449629573937959969e+06,9.651348059418420888e-01,2.573490652877530142e-03
2.449629577410364524e+06,9.904350138527248104e-01,2.573490652877530142e-03
2.449629580882768612e+06,9.992607189074849128e-01,2.573490652877530142e-03
2.449629584355172701e+06,1.012362817248697144e+00,2.573490652877530142e-03
2.449629587827577721e+06,1.023591211740463303e+00,2.573490652877530142e-03
2.449629591299982276e+06,1.031200287280613415e+00,2.573490652877530142e-03
2.449629594772387296e+06,1.030803641008977811e+00,2.573490652877530142e-03
2.449629598244791850e+06,1.028652581228846508e+00,2.573490652877530142e-03
2.449629601717196405e+06,1.025297962735292057e+00,2.573490652877530142e-03
2.449629605189600494e+06,1.023320702718740094e+00,2.573490652877530142e-03
2.449629608662005514e+06,1.020084219270649850e+00,2.573490652877530142e-03
2.449629612134410534e+06,1.016045623302839429e+00,2.573490652877530142e-03
2.449629615606815089e+06,1.013174553264808209e+00,2.573490652877530142e-03
2.449629619079219643e+06,1.005055404592992030e+00,2.573490652877530142e-03
2.449629622551624198e+06,9.959061915852086555e-01,2.573490652877530142e-03
2.449629626024028752e+06,9.888206345749321891e-01,2.573490652877530142e-03
2.449629629496433772e+06,9.915216658321388543e-01,2.573490652877530142e-03
2.449629632968837395e+06,9.912385548707550731e-01,2.573490652877530142e-03
2.449629636441242415e+06,9.933206348930407881e-01,2.573490652877530142e-03
2.449629639913647436e+06,9.872309817247399977e-01,2.573490652877530142e-03
2.449629643386051524e+06,9.831372394638155932e-01,2.573490652877530142e-03
2.449629646858456079e+06,9.788262878571571957e-01,2.573490652877530142e-03
2.449629650330860633e+06,9.767975641378489060e-01,2.573490652877530142e-03
2.449629653803266119e+06,9.812243790113035491e-01,2.573490652877530142e-03
2.449629657275670674e+06,9.735034959771393659e-01,2.573490652877530142e-03
2.449629660748075228e+06,9.701322670262902959e-01,2.573490652877530142e-03
2.449629664220479783e+06,9.727438429297590172e-01,2.573490652877530142e-03
2.449629667692884337e+06,9.814035198571201546e-01,2.573490652877530142e-03
2.449629671165289357e+06,9.883415794715019187e-01,2.573490652877530142e-03
2.449629674637693446e+06,1.001399951418401324e+00,2.573490652877530142e-03
2.449629678110098466e+06,1.014045061185812946e+00,2.573490652877530142e-03
2.449629681582503021e+06,1.028419748359611141e+00,2.573490652877530142e-03
2.449629685054908507e+06,1.036201460247217598e+00,2.573490652877530142e-03
2.449629688527312595e+06,1.043697656361203263e+00,2.573490652877530142e-03
2.449629691999716684e+06,1.040979908113441876e+00,2.573490652877530142e-03
2.449629695472121704e+06,1.034249329924464167e+00,2.573490652877530142e-03
2.449629698944526259e+06,1.015151149071283898e+00,2.573490652877530142e-03
