2.449627531611164566e+06,1.002897729534594662e+00,1.613215081742561162e-03
2.449627544804000761e+06,9.935407482736404727e-01,1.613215081742561162e-03
2.449627550358877983e+06,9.947829139808308518e-01,1.613215081742561162e-03
2.449627556608116720e+06,9.921461398844315660e-01,1.613215081742561162e-03
2.449627571536851581e+06,9.967960322251889771e-01,1.613215081742561162e-03
2.449627591326104477e+06,1.001780349828617744e+00,1.613215081742561162e-03
2.449627595839442685e+06,1.001441373571529514e+00,1.613215081742561162e-03
2.449627601047140080e+06,1.008779554914710053e+00,1.613215081742561162e-03
2.449627603477399796e+06,1.008513465532962172e+00,1.613215081742561162e-03
2.449627616323054768e+06,1.026472707354020075e+00,1.613215081742561162e-03
2.449627638889745343e+06,1.043694978291475062e+00,1.613215081742561162e-03
2.449627639931284823e+06,1.041857644679635486e+00,1.613215081742561162e-03
2.449627652082580142e+06,1.040652815704652401e+00,1.613215081742561162e-03
2.449627654512839857e+06,1.041741548324525812e+00,1.613215081742561162e-03
2.449627661456436384e+06,1.033452935385250404e+00,1.613215081742561162e-03
2.449627680898507591e+06,1.001957828211375912e+00,1.613215081742561162e-03
2.449627684370305855e+06,9.944981818500807647e-01,1.613215081742561162e-03
2.449627729850864504e+06,9.823003564012273703e-01,1.613215081742561162e-03
2.449627740960618947e+06,9.868832963061928698e-01,1.613215081742561162e-03
2.449627745821136050e+06,9.828168398024684782e-01,1.613215081742561162e-03
2.449627750681654550e+06,9.842610711927761713e-01,1.613215081742561162e-03
2.449627754153452348e+06,9.855232154987431104e-01,1.613215081742561162e-03
2.449627754847811535e+06,9.829625213065115164e-01,1.613215081742561162e-03
2.449627759708329104e+06,9.827397730042650714e-01,1.613215081742561162e-03
2.449627762485768180e+06,9.809351307376479312e-01,1.613215081742561162e-03
2.449627772206802852e+06,9.864459514688328490e-01,1.613215081742561162e-03
2.449627779497579206e+06,9.872530960492329477e-01,1.613215081742561162e-03
2.449627786093995441e+06,9.913251944955567829e-01,1.613215081742561162e-03
2.449627804841705132e+06,9.957825090862350015e-01,1.613215081742561162e-03
2.449627816645817365e+06,9.967215231224365590e-01,1.613215081742561162e-03
2.449627819076076616e+06,9.920260729769064811e-01,1.613215081742561162e-03
2.449627835046347231e+06,9.851165795314867912e-01,1.613215081742561162e-03
2.449627837476606015e+06,9.838535836869585216e-01,1.613215081742561162e-03
2.449627839212505147e+06,9.831132668100747152e-01,1.613215081742561162e-03
2.449627868375606835e+06,9.970850472411985077e-01,1.613215081742561162e-03
2.449627880179719534e+06,1.002694453989995793e+00,1.613215081742561162e-03
2.449627906565382145e+06,1.005776763787603389e+00,1.613215081742561162e-03
2.449627909690000117e+06,1.007012568216109738e+00,1.613215081742561162e-03
2.449627912467438262e+06,1.002558230353274960e+00,1.613215081742561162e-03
2.449627924271550495e+06,1.002710869286168371e+00,1.613215081742561162e-03
2.449627929132067133e+06,1.001942789891022922e+00,1.613215081742561162e-03
2.449627947185415775e+06,1.001248530071578768e+00,1.613215081742561162e-03
2.449627964197222609e+06,9.964919916756501683e-01,1.613215081742561162e-03
2.449627972876717336e+06,9.963114524034044628e-01,1.613215081742561162e-03
2.449627976348514203e+06,9.973003311634501822e-01,1.613215081742561162e-03
2.449627984680827707e+06,9.901421088970092654e-01,1.613215081742561162e-03
2.449627993013141677e+06,9.885929105676428685e-01,1.613215081742561162e-03
2.449627998220838606e+06,9.899016894841892178e-01,1.613215081742561162e-03
2.449627999609556980e+06,9.921311009047719676e-01,1.613215081742561162e-03
2.449628000651095994e+06,9.915449988379173574e-01,1.613215081742561162e-03
2.449628015232645441e+06,9.901495511341070754e-01,1.613215081742561162e-03
2.449628031550092623e+06,9.989252333265091766e-01,1.613215081742561162e-03
2.449628039188047871e+06,1.005272009845566972e+00,1.613215081742561162e-03
2.449628044395743869e+06,1.011221953978814314e+00,1.613215081742561162e-03
2.449628077724996489e+06,1.042902948424932363e+00,1.613215081742561162e-03
2.449628082238332834e+06,1.039521027757914107e+00,1.613215081742561162e-03
2.449628084668590687e+06,1.041550538482667099e+00,1.613215081742561162e-03
2.449628087793207727e+06,1.040652209999058275e+00,1.613215081742561162e-03
2.449628094042443205e+06,1.034567490197160211e+00,1.613215081742561162e-03
2.449628096819880884e+06,1.029827703601936983e+00,1.613215081742561162e-03
2.449628099597318098e+06,1.028149303470684339e+00,1.613215081742561162e-03
2.449628105846553110e+06,1.018263967282858173e+00,1.613215081742561162e-03
2.449628113484506961e+06,1.003079134528871430e+00,1.613215081742561162e-03
2.449628114526045509e+06,1.003031261285176390e+00,1.613215081742561162e-03
2.449628130843491759e+06,9.735439552269264940e-01,1.613215081742561162e-03
2.449628152368632611e+06,9.743739823017409929e-01,1.613215081742561162e-03
2.449628153062992729e+06,9.721094723687597750e-01,1.613215081742561162e-03
2.449628154451711569e+06,9.740315137906921938e-01,1.613215081742561162e-03
2.449628166255820543e+06,9.794740042668530489e-01,1.613215081742561162e-03
2.449628183614804875e+06,9.838743305916823889e-01,1.613215081742561162e-03
2.449628192988656461e+06,9.826564632889047690e-01,1.613215081742561162e-03
2.449628212083538994e+06,9.859508782587618203e-01,1.613215081742561162e-03
2.449628228053804021e+06,9.953195899409394976e-01,1.613215081742561162e-03
2.449628259647153318e+06,9.847376452801069879e-01,1.613215081742561162e-03
2.449628270409722347e+06,9.843018774437485297e-01,1.613215081742561162e-03
2.449628278394854162e+06,9.863899095037087505e-01,1.613215081742561162e-03
2.449628282213830855e+06,9.808612504204067273e-01,1.613215081742561162e-03
2.449628286727166735e+06,9.838566515919743294e-01,1.613215081742561162e-03
2.449628311376920901e+06,1.002128043893695697e+00,1.613215081742561162e-03
2.449628312071280088e+06,1.001941704039031045e+00,1.613215081742561162e-03
2.449628313112819567e+06,1.002697641764261016e+00,1.613215081742561162e-03
2.449628313807178754e+06,1.003233164056148485e+00,1.613215081742561162e-03
2.449628327347184066e+06,1.006910942245789586e+00,1.613215081742561162e-03
2.449628328041544184e+06,1.007776184521251173e+00,1.613215081742561162e-03
2.449628342970268335e+06,1.005823125638136695e+00,1.613215081742561162e-03
2.449628379771308973e+06,1.000778799512983541e+00,1.613215081742561162e-03
2.449628382895924617e+06,1.002580006038363614e+00,1.613215081742561162e-03
2.449628414489270188e+06,9.958499181909031828e-01,1.613215081742561162e-03
2.449628415183629375e+06,9.919550332399875714e-01,1.613215081742561162e-03
2.449628424557479098e+06,9.883878746281051786e-01,1.613215081742561162e-03
2.449628430459531955e+06,9.923169592323994870e-01,1.613215081742561162e-03
2.449628435320046730e+06,9.903867992907523510e-01,1.613215081742561162e-03
2.449628442957997322e+06,9.869740167207275983e-01,1.613215081742561162e-03
2.449628450595948379e+06,9.916800734301748355e-01,1.613215081742561162e-03
2.449628451637488324e+06,9.894754004967372119e-01,1.613215081742561162e-03
2.449628453720565420e+06,9.913879503435872875e-01,1.613215081742561162e-03
2.449628456150822807e+06,9.941645556761158353e-01,1.613215081742561162e-03
2.449628469343647826e+06,1.002376316956486768e+00,1.613215081742561162e-03
2.449628483230831567e+06,1.018811498371178459e+00,1.613215081742561162e-03
2.449628487049806397e+06,1.021926466819103485e+00,1.613215081742561162e-03
