2019-06-03 15:46:26.220842
../data/simulation_results_new/221/221_lc_49627_to_49787.txt_sampled_ztf-lsst_60days.txt
nsamples: 100000000 
processors: 40 
time: 5125.90 sec 
uu: -10.00 
passed: 70 

[[10.44028863 11.06030474  0.11382918  0.76000205]
 [10.43968063 12.42741678  0.0973327   0.72533818]
 [10.44016985 15.65637989  0.05437652  1.15379163]
 [10.44039144 15.56975227  0.0506446   0.78569731]
 [10.43985159 14.98358155  0.05028239  0.72190401]
 [10.44062003 12.22605064  0.03132045  0.78988538]
 [10.43961227 13.31280587  0.0643097   0.88355174]
 [10.44010391 16.51281979  0.04794917  1.0700637 ]
 [10.43958875 10.90397581  0.09073145  1.14764789]
 [10.43983012 10.16061681  0.13553138  0.91251549]
 [10.44006578 14.3069044   0.09119193  0.87611838]
 [10.4396932  10.49682727  0.05382217  1.24457362]
 [10.4402462  11.9652275   0.09471287  0.68552048]
 [10.44014741 13.58193053  0.0662228   1.21091359]
 [10.44020457 12.06245605  0.06218757  0.63510464]
 [10.44021826 12.07554514  0.09829409  1.01228692]
 [10.44033025 13.1428529   0.05534027  1.03100097]
 [10.44026161 10.50505795  0.08698714  0.97196143]
 [10.4398864  13.19058175  0.03147048  1.22491013]
 [10.44012721 11.51187586  0.14553218  0.88157157]
 [10.4401761  11.65121827  0.10952925  0.90312818]
 [10.43902257 19.67483199  0.02769323  1.02200957]
 [10.43984474 10.00227778  0.10970612  0.82894492]
 [10.43981241 10.37107655  0.14162814  1.07304761]
 [10.43958019 11.94096425  0.10065963  1.2260601 ]
 [10.44001041 11.62519621  0.08766156  0.95138093]
 [10.43970559 12.05605709  0.09141958  1.04088449]
 [10.43997431 11.03236083  0.11382829  0.94312199]
 [10.43946692 13.92394712  0.08302956  0.97417659]
 [10.43957705 15.70884901  0.06608123  1.08397234]
 [10.43998779 11.02518172  0.09482214  0.97544522]
 [10.44009514 11.66835678  0.08570422  0.62392144]
 [10.44024198 13.92055556  0.04450322  1.00363877]
 [10.44006968 14.090387    0.05113123  1.08119153]
 [10.44007772 10.57829559  0.11542542  0.67384562]
 [10.43916228 13.58039315  0.05389758  0.86417168]
 [10.43980421 12.19958391  0.1309599   0.80319363]
 [10.44005554 12.54354039  0.05750626  0.65642979]
 [10.43973396 10.23917922  0.07647628  1.16204227]
 [10.44030387 10.18990816  0.05858914  1.10357273]
 [10.43998558  9.83067493  0.13296181  0.99290775]
 [10.43990154 12.99989275  0.08282287  0.83496686]
 [10.44063528 12.71648836  0.08565445  0.93429905]
 [10.43999845 10.36849868  0.11457652  0.74759596]
 [10.44011502 12.88367585  0.08854052  1.33237212]
 [10.43998233 14.30352247  0.06712501  0.80009383]
 [10.44004678 10.45001757  0.10756149  0.93287472]
 [10.44016255 11.11503083  0.10281106  0.82266688]
 [10.44018938 12.45588553  0.12816266  1.0932186 ]
 [10.44000776 11.14377282  0.05047645  1.09691762]
 [10.4403194  16.48463295  0.03401452  0.77867959]
 [10.44006136  9.8806244   0.13780586  0.91650286]
 [10.44005536  9.91438431  0.15817457  0.90056522]
 [10.43990448 10.76538412  0.0829303   1.30882513]
 [10.44043656 10.73902974  0.07762383  0.99996872]
 [10.43962243 12.54925453  0.09861052  0.86709943]
 [10.44032047 14.06932312  0.04347349  0.68164878]
 [10.4395546  12.86249469  0.03247102  1.01639155]
 [10.43962491 13.76755882  0.05138223  1.10544187]
 [10.44042051 11.78486375  0.06118481  1.01868162]
 [10.43994025 14.71295659  0.03727978  1.09828879]
 [10.43956257 11.21784469  0.07632145  1.09089194]
 [10.43956391 12.02399081  0.02531611  1.07350017]
 [10.44010799 11.43495696  0.06060765  0.95511037]
 [10.43950426 11.92387101  0.04010918  0.94753026]
 [10.44011898 11.93233217  0.07519737  1.06329183]
 [10.43974973 10.77121938  0.0856023   0.80471779]
 [10.43970361 12.73937498  0.08736461  0.76254951]
 [10.43931938 16.97726228  0.03728984  1.02435238]
 [10.43997187 10.78180418  0.11980802  1.03172185]]