5.852471067654363287e+04 1.856899999999999906e+01 7.199999999999999803e-03
5.852471221654363035e+04 1.852199999999999847e+01 6.799999999999999621e-03
5.852471375654362782e+04 1.846600000000000108e+01 7.799999999999999642e-03
5.852471529654363258e+04 1.834299999999999997e+01 7.199999999999999803e-03
5.852471683654363005e+04 1.832300000000000040e+01 8.200000000000000691e-03
5.852471837654362753e+04 1.823100000000000165e+01 8.500000000000000611e-03
5.852471991654363228e+04 1.830099999999999838e+01 8.200000000000000691e-03
5.852472145654362976e+04 1.830499999999999972e+01 7.199999999999999803e-03
5.852472299654362723e+04 1.836599999999999966e+01 6.499999999999999702e-03
5.852472453654363198e+04 1.834499999999999886e+01 6.400000000000000307e-03
5.852472607654362946e+04 1.840200000000000102e+01 6.400000000000000307e-03
5.852472761654363421e+04 1.847599999999999909e+01 5.499999999999999681e-03
5.852472915654363169e+04 1.848999999999999844e+01 5.499999999999999681e-03
5.852473069654362916e+04 1.856800000000000139e+01 5.499999999999999681e-03
5.852473222654363053e+04 1.847400000000000020e+01 6.400000000000000307e-03
5.852473376654362801e+04 1.838400000000000034e+01 7.100000000000000408e-03
5.852473530654363276e+04 1.833699999999999974e+01 5.799999999999999600e-03
5.852473684654363024e+04 1.846499999999999986e+01 5.599999999999999943e-03
5.852473838654362771e+04 1.852199999999999847e+01 5.499999999999999681e-03
5.852473992654363246e+04 1.851399999999999935e+01 5.499999999999999681e-03
5.852474146654362994e+04 1.853500000000000014e+01 5.400000000000000286e-03
5.852474452654363267e+04 1.884400000000000119e+01 5.799999999999999600e-03
5.852474606654363015e+04 1.870400000000000063e+01 5.599999999999999943e-03
5.852474760654362763e+04 1.862099999999999866e+01 5.300000000000000024e-03
5.852474914654363238e+04 1.845299999999999940e+01 5.499999999999999681e-03
5.852475068654362985e+04 1.850499999999999901e+01 5.799999999999999600e-03
5.852475222654362733e+04 1.847100000000000009e+01 6.400000000000000307e-03
5.852475376654363208e+04 1.841799999999999926e+01 5.400000000000000286e-03
5.852475530654362956e+04 1.851000000000000156e+01 5.300000000000000024e-03
5.852475684654362703e+04 1.862999999999999901e+01 5.199999999999999761e-03
5.852475838654363179e+04 1.856299999999999883e+01 4.899999999999999842e-03
5.852475992654362926e+04 1.853200000000000003e+01 4.799999999999999580e-03
5.852476146654363401e+04 1.848000000000000043e+01 5.300000000000000024e-03
5.852476300654363149e+04 1.844500000000000028e+01 5.000000000000000104e-03
5.852476454654362897e+04 1.842699999999999960e+01 4.799999999999999580e-03
5.852476608654363372e+04 1.847899999999999920e+01 4.799999999999999580e-03
5.852476762654363120e+04 1.844200000000000017e+01 4.799999999999999580e-03
5.852477146654362878e+04 1.847899999999999920e+01 4.899999999999999842e-03
5.852477300654363353e+04 1.842800000000000082e+01 5.100000000000000366e-03
5.852477454654363100e+04 1.836700000000000088e+01 5.000000000000000104e-03
5.852477608654362848e+04 1.844000000000000128e+01 5.100000000000000366e-03
5.852477762654363323e+04 1.842500000000000071e+01 6.000000000000000125e-03
5.852477916654363071e+04 1.849200000000000088e+01 5.300000000000000024e-03
5.852478070654362818e+04 1.847899999999999920e+01 5.199999999999999761e-03
5.852478224654363294e+04 1.846300000000000097e+01 5.300000000000000024e-03
5.852478378654363041e+04 1.844099999999999895e+01 5.000000000000000104e-03
5.852478532654362789e+04 1.848600000000000065e+01 5.100000000000000366e-03
5.852478686654363264e+04 1.845799999999999841e+01 5.199999999999999761e-03
5.852478840654363012e+04 1.852400000000000091e+01 4.799999999999999580e-03
5.852478994654362759e+04 1.857700000000000173e+01 5.199999999999999761e-03
5.852479148654363235e+04 1.857499999999999929e+01 5.499999999999999681e-03
5.852479302654362982e+04 1.850900000000000034e+01 5.000000000000000104e-03
5.852479456654362730e+04 1.858999999999999986e+01 5.700000000000000205e-03
5.852479610654363205e+04 1.857499999999999929e+01 5.300000000000000024e-03
5.852479764654362953e+04 1.860500000000000043e+01 5.799999999999999600e-03
5.852479918654362700e+04 1.860900000000000176e+01 5.700000000000000205e-03
5.852480072654363175e+04 1.866400000000000148e+01 5.799999999999999600e-03
5.852480242654363246e+04 1.860600000000000165e+01 5.400000000000000286e-03
5.852480395654363383e+04 1.861400000000000077e+01 5.499999999999999681e-03
5.852480550654362742e+04 1.887800000000000011e+01 5.599999999999999943e-03
5.852480703654362878e+04 1.871399999999999864e+01 5.700000000000000205e-03
5.852480857654363354e+04 1.880900000000000105e+01 5.700000000000000205e-03
5.852481011654363101e+04 1.874500000000000099e+01 5.599999999999999943e-03
5.852481166654363187e+04 1.870100000000000051e+01 5.599999999999999943e-03
5.852481319654363324e+04 1.870700000000000074e+01 5.400000000000000286e-03
5.852481473654363072e+04 1.860099999999999909e+01 5.599999999999999943e-03
5.852481627654362819e+04 1.862800000000000011e+01 6.100000000000000387e-03
5.852481781654363294e+04 1.857400000000000162e+01 5.300000000000000024e-03
5.852481935654363042e+04 1.870499999999999829e+01 6.100000000000000387e-03
5.852482089654362790e+04 1.872100000000000009e+01 5.599999999999999943e-03
5.852482243654363265e+04 1.866000000000000014e+01 5.499999999999999681e-03
5.852482397654363012e+04 1.868499999999999872e+01 5.700000000000000205e-03
5.852482551654362760e+04 1.879200000000000159e+01 5.799999999999999600e-03
5.852482705654363235e+04 1.880600000000000094e+01 5.700000000000000205e-03
5.852482859654362983e+04 1.871399999999999864e+01 5.499999999999999681e-03
5.852483013654362730e+04 1.879299999999999926e+01 5.700000000000000205e-03
5.852483167654363206e+04 1.889199999999999946e+01 6.000000000000000125e-03
5.852484338654363091e+04 1.926399999999999935e+01 8.600000000000000006e-03
5.852484492654362839e+04 1.920599999999999952e+01 6.899999999999999883e-03
5.852484646654363314e+04 1.906299999999999883e+01 6.499999999999999702e-03
5.852484800654363062e+04 1.917800000000000082e+01 7.100000000000000408e-03
5.852484954654362809e+04 1.926200000000000045e+01 8.300000000000000086e-03
5.852485108654363285e+04 1.906599999999999895e+01 6.700000000000000226e-03
5.852485262654363032e+04 1.896699999999999875e+01 6.300000000000000044e-03
5.852485416654362780e+04 1.925100000000000122e+01 7.599999999999999985e-03
5.852485570654363255e+04 1.894000000000000128e+01 6.400000000000000307e-03
5.852485724654363003e+04 1.894300000000000139e+01 6.199999999999999782e-03
5.852485878654362750e+04 1.902400000000000091e+01 6.700000000000000226e-03
5.852486032654363225e+04 1.907900000000000063e+01 8.399999999999999481e-03
5.852486186654362973e+04 1.898799999999999955e+01 6.700000000000000226e-03
5.852486340654362721e+04 1.896000000000000085e+01 6.899999999999999883e-03
5.852486494654363196e+04 1.884600000000000009e+01 7.199999999999999803e-03
5.852486648654362943e+04 1.882999999999999829e+01 9.900000000000000813e-03
5.852486802654363419e+04 1.877299999999999969e+01 1.220000000000000077e-02
5.852486956654363166e+04 1.876999999999999957e+01 1.490000000000000005e-02
