5.853296263900718623e+04 1.724599999999999866e+01 1.209999999999999964e-02
5.853296330900718021e+04 1.732000000000000028e+01 1.269999999999999948e-02
5.853296402900718385e+04 1.731200000000000117e+01 1.319999999999999993e-02
5.853296474900718022e+04 1.724899999999999878e+01 1.340000000000000045e-02
5.853296543900718098e+04 1.705900000000000105e+01 1.220000000000000077e-02
5.853296613900718512e+04 1.725300000000000011e+01 1.660000000000000017e-02
5.853296691900717997e+04 1.686499999999999844e+01 1.640000000000000138e-02
5.853296778900718346e+04 1.688100000000000023e+01 1.770000000000000046e-02
5.853296843900718522e+04 1.735000000000000142e+01 1.340000000000000045e-02
5.853296908900718699e+04 1.709199999999999875e+01 1.990000000000000102e-02
5.853296972900718538e+04 1.728099999999999881e+01 1.119999999999999989e-02
5.853297036900718376e+04 1.731800000000000139e+01 1.140000000000000041e-02
5.853297101900718553e+04 1.751800000000000068e+01 5.569999999999999951e-02
5.853298068900718499e+04 1.771199999999999974e+01 2.790000000000000119e-02
5.853298132900718338e+04 1.717099999999999937e+01 1.110000000000000049e-02
5.853298197900718515e+04 1.717699999999999960e+01 1.099999999999999936e-02
5.853298262900718692e+04 1.739499999999999957e+01 3.119999999999999857e-02
5.853298326900718530e+04 1.746600000000000108e+01 1.159999999999999920e-02
5.853298391900718707e+04 1.714600000000000080e+01 1.099999999999999936e-02
5.853298519900718384e+04 1.735999999999999943e+01 1.200000000000000025e-02
5.853298584900718561e+04 1.711400000000000077e+01 1.609999999999999973e-02
5.853298649900718010e+04 1.707600000000000051e+01 1.430000000000000021e-02
5.853298713900718576e+04 1.690899999999999892e+01 1.319999999999999993e-02
5.853298777900718414e+04 1.700300000000000011e+01 1.400000000000000029e-02
5.853298842900718591e+04 1.677799999999999869e+01 1.830000000000000029e-02
5.853298907900718041e+04 1.696199999999999974e+01 1.799999999999999864e-02
5.853298970900718268e+04 1.683999999999999986e+01 1.290000000000000001e-02
5.853299035900718445e+04 1.708399999999999963e+01 1.810000000000000150e-02
5.853299100900718622e+04 1.697800000000000153e+01 1.590000000000000094e-02
5.853299165900718071e+04 1.707199999999999918e+01 1.569999999999999868e-02
5.853299228900718299e+04 1.675700000000000145e+01 1.980000000000000163e-02
5.853299293900718476e+04 1.701599999999999824e+01 1.480000000000000066e-02
5.853299358900718653e+04 1.632400000000000162e+01 3.269999999999999990e-02
5.853299422900718491e+04 1.712900000000000134e+01 2.860000000000000042e-02
5.853299487900718668e+04 1.736100000000000065e+01 3.339999999999999913e-02
5.853299664900718199e+04 1.701500000000000057e+01 1.820000000000000090e-02
5.853299728900718037e+04 1.722200000000000131e+01 1.510000000000000057e-02
5.853299792900718603e+04 1.696699999999999875e+01 1.480000000000000066e-02
5.853299857900718052e+04 1.705099999999999838e+01 1.319999999999999993e-02
5.853299922900718229e+04 1.706700000000000017e+01 1.559999999999999928e-02
5.853299987900718406e+04 1.704299999999999926e+01 1.409999999999999969e-02
5.853300050900718634e+04 1.753399999999999892e+01 1.179999999999999973e-02
5.853300115900718083e+04 1.748999999999999844e+01 2.079999999999999905e-02
5.853300180900718260e+04 1.737000000000000099e+01 1.129999999999999928e-02
5.853300244900718099e+04 1.719999999999999929e+01 1.629999999999999852e-02
5.853300308900718665e+04 1.704100000000000037e+01 1.519999999999999997e-02
5.853300373900718114e+04 1.690599999999999881e+01 1.269999999999999948e-02
5.853300438900718291e+04 1.702599999999999980e+01 1.609999999999999973e-02
5.853300502900718129e+04 1.696900000000000119e+01 2.160000000000000114e-02
5.853300566900718695e+04 1.697800000000000153e+01 2.170000000000000054e-02
5.853300631900718145e+04 1.678000000000000114e+01 2.270000000000000143e-02
5.853300695900718711e+04 1.771300000000000097e+01 1.439999999999999961e-02
5.853300760900718160e+04 1.689199999999999946e+01 2.350000000000000006e-02
5.853300825900718337e+04 1.758599999999999852e+01 1.409999999999999969e-02
5.853300889900718175e+04 1.731700000000000017e+01 1.310000000000000053e-02
5.853300953900718014e+04 1.706899999999999906e+01 1.870000000000000134e-02
5.853301018900718191e+04 1.787900000000000134e+01 2.290000000000000022e-02
5.853301083900718368e+04 1.828399999999999892e+01 2.160000000000000114e-02
5.853301146900718595e+04 1.815800000000000125e+01 2.210000000000000159e-02
5.853301211900718044e+04 1.732100000000000151e+01 1.499999999999999944e-02
5.853301276900718221e+04 1.803099999999999881e+01 1.260000000000000009e-02
5.853301341900718398e+04 1.715899999999999892e+01 1.870000000000000134e-02
5.853301404900718626e+04 1.706200000000000117e+01 1.400000000000000029e-02
5.853301469900718075e+04 1.780300000000000082e+01 1.969999999999999876e-02
5.853301534900718252e+04 1.711599999999999966e+01 1.629999999999999852e-02
5.853301598900718091e+04 1.784199999999999875e+01 1.849999999999999908e-02
5.853301663900718268e+04 1.716100000000000136e+01 1.420000000000000082e-02
5.853301727900718106e+04 1.712300000000000111e+01 1.239999999999999956e-02
5.853301792900718283e+04 1.708599999999999852e+01 1.060000000000000005e-02
5.853301856900718121e+04 1.705799999999999983e+01 1.020000000000000073e-02
5.853301921900718298e+04 1.702799999999999869e+01 1.009999999999999960e-02
5.853301985900718137e+04 1.715299999999999869e+01 1.110000000000000049e-02
5.853302049900718703e+04 1.711700000000000088e+01 1.099999999999999936e-02
5.853302114900718152e+04 1.694900000000000162e+01 1.110000000000000049e-02
5.853302179900718329e+04 1.699800000000000111e+01 1.069999999999999944e-02
5.853302244900718506e+04 1.695400000000000063e+01 1.129999999999999928e-02
5.853302307900718006e+04 1.707100000000000151e+01 1.009999999999999960e-02
5.853302372900718183e+04 1.712900000000000134e+01 1.119999999999999989e-02
5.853302437900718360e+04 1.716900000000000048e+01 1.009999999999999960e-02
5.853302500900718587e+04 1.710900000000000176e+01 1.159999999999999920e-02
5.853302565900718037e+04 1.719600000000000151e+01 1.030000000000000013e-02
5.853302630900718214e+04 1.704299999999999926e+01 1.080000000000000057e-02
5.853302695900718390e+04 1.703800000000000026e+01 1.009999999999999960e-02
5.853302759900718229e+04 1.709499999999999886e+01 1.060000000000000005e-02
5.853302823900718067e+04 1.711799999999999855e+01 1.099999999999999936e-02
5.853302995900718088e+04 1.712600000000000122e+01 1.039999999999999952e-02
5.853303058900718315e+04 1.711700000000000088e+01 1.039999999999999952e-02
5.853303123900718492e+04 1.710300000000000153e+01 1.140000000000000041e-02
5.853303188900718669e+04 1.735399999999999920e+01 5.589999999999999830e-02
5.853303253900718119e+04 1.709400000000000119e+01 2.149999999999999828e-02
5.853303316900718346e+04 1.730099999999999838e+01 1.609999999999999973e-02
5.853303446900718700e+04 1.689699999999999847e+01 1.099999999999999936e-02
5.853303510900718538e+04 1.679599999999999937e+01 1.129999999999999928e-02
5.853303575900718715e+04 1.807900000000000063e+01 1.290000000000000001e-02
5.853303639900718554e+04 1.694200000000000017e+01 1.250000000000000069e-02
5.853303704900718003e+04 1.701099999999999923e+01 1.770000000000000046e-02
5.853303768900718569e+04 1.787800000000000011e+01 1.799999999999999864e-02
5.853303833900718018e+04 1.733800000000000097e+01 1.099999999999999936e-02
5.853303897900718584e+04 1.709100000000000108e+01 1.020000000000000073e-02
5.853303961900718423e+04 1.727799999999999869e+01 1.060000000000000005e-02
5.853304026900718600e+04 1.719500000000000028e+01 1.030000000000000013e-02
5.853304091900718049e+04 1.724599999999999866e+01 1.119999999999999989e-02
5.853304156900718226e+04 1.710300000000000153e+01 1.060000000000000005e-02
5.853304219900718454e+04 1.726599999999999824e+01 1.149999999999999981e-02
5.853304284900718631e+04 1.711299999999999955e+01 9.700000000000000289e-03
5.853304349900718080e+04 1.726399999999999935e+01 1.119999999999999989e-02
5.853304412900718307e+04 1.710800000000000054e+01 1.060000000000000005e-02
5.853304477900718484e+04 1.715500000000000114e+01 1.190000000000000085e-02
5.853304542900718661e+04 1.732900000000000063e+01 1.110000000000000049e-02
5.853304607900718111e+04 1.736799999999999855e+01 1.099999999999999936e-02
5.853304671900718677e+04 1.682499999999999929e+01 2.699999999999999969e-02
5.853304735900718515e+04 1.726099999999999923e+01 1.110000000000000049e-02
5.853304800900718692e+04 1.726300000000000168e+01 1.110000000000000049e-02
5.853304864900718530e+04 1.739000000000000057e+01 1.349999999999999985e-02
5.853304929900718707e+04 1.661199999999999832e+01 2.779999999999999832e-02
5.853304994900718157e+04 1.672599999999999909e+01 2.910000000000000087e-02
5.853305058900718723e+04 1.745299999999999940e+01 1.089999999999999997e-02
5.853305122900718561e+04 1.740299999999999869e+01 1.089999999999999997e-02
5.853305187900718010e+04 1.716600000000000037e+01 2.309999999999999901e-02
5.853305252900718187e+04 1.707000000000000028e+01 2.270000000000000143e-02
5.853305315900718415e+04 1.726000000000000156e+01 2.450000000000000094e-02
5.853305380900718592e+04 1.707900000000000063e+01 2.079999999999999905e-02
5.853305445900718041e+04 1.724599999999999866e+01 2.610000000000000167e-02
5.853305510900718218e+04 1.722500000000000142e+01 2.510000000000000078e-02
5.853305573900718446e+04 1.721499999999999986e+01 3.009999999999999828e-02
5.853305638900718623e+04 1.718199999999999861e+01 2.510000000000000078e-02
5.853305703900718072e+04 1.732199999999999918e+01 2.560000000000000123e-02
5.853305767900718638e+04 1.761499999999999844e+01 1.629999999999999852e-02
5.853305831900718476e+04 1.766700000000000159e+01 1.669999999999999957e-02
5.853305896900718653e+04 1.753900000000000148e+01 2.690000000000000030e-02
5.853305961900718103e+04 1.761599999999999966e+01 2.419999999999999929e-02
5.853306025900718669e+04 1.740200000000000102e+01 2.280000000000000082e-02
5.853306090900718118e+04 1.750199999999999889e+01 2.280000000000000082e-02
5.853306154900718684e+04 1.757199999999999918e+01 2.309999999999999901e-02
5.853306371900718659e+04 1.746600000000000108e+01 2.249999999999999917e-02
5.853306436900718109e+04 1.760500000000000043e+01 2.350000000000000006e-02
5.853306500900718675e+04 1.764099999999999824e+01 2.259999999999999856e-02
5.853306629900718690e+04 1.786299999999999955e+01 2.249999999999999917e-02
5.853306694900718139e+04 1.782199999999999918e+01 2.350000000000000006e-02
5.853306757900718367e+04 1.791900000000000048e+01 2.299999999999999961e-02
5.853306822900718544e+04 1.777199999999999847e+01 2.259999999999999856e-02
5.853307080900718574e+04 1.792099999999999937e+01 2.110000000000000070e-02
5.853307209900718590e+04 1.799399999999999977e+01 2.129999999999999949e-02
5.853307274900718039e+04 1.766600000000000037e+01 1.379999999999999977e-02
5.853307338900718605e+04 1.769000000000000128e+01 3.470000000000000168e-02
5.853307467900718621e+04 1.749299999999999855e+01 1.600000000000000033e-02
5.853307532900718070e+04 1.776200000000000045e+01 1.779999999999999985e-02
5.853307597900718247e+04 1.777299999999999969e+01 1.919999999999999832e-02
5.853307660900718474e+04 1.772800000000000153e+01 1.490000000000000005e-02
5.853307725900718651e+04 1.773000000000000043e+01 1.430000000000000021e-02
5.853307790900718101e+04 1.737300000000000111e+01 1.580000000000000154e-02
5.853307855900718278e+04 1.765099999999999980e+01 1.779999999999999985e-02
5.853307918900718505e+04 1.749599999999999866e+01 1.739999999999999880e-02
5.853307983900718682e+04 1.744800000000000040e+01 1.859999999999999848e-02
5.853308048900718131e+04 1.741100000000000136e+01 1.799999999999999864e-02
5.853308113900718308e+04 1.753600000000000136e+01 1.890000000000000013e-02
5.853308176900718536e+04 1.738100000000000023e+01 1.710000000000000062e-02
5.853308241900718713e+04 1.738599999999999923e+01 1.750000000000000167e-02
5.853308306900718162e+04 1.778099999999999881e+01 3.180000000000000188e-02
5.853308370900718000e+04 1.770400000000000063e+01 3.020000000000000115e-02
5.853308434900718566e+04 1.744999999999999929e+01 1.930000000000000118e-02
5.853308499900718016e+04 1.780699999999999861e+01 3.200000000000000067e-02
5.853308564900718193e+04 1.795499999999999829e+01 3.969999999999999918e-02
5.853308628900718031e+04 1.736700000000000088e+01 1.640000000000000138e-02
5.853308693900718208e+04 1.778099999999999881e+01 3.740000000000000269e-02
5.853308757900718047e+04 1.809499999999999886e+01 5.790000000000000008e-02
5.853308821900718613e+04 1.753600000000000136e+01 2.719999999999999848e-02
5.853308886900718062e+04 1.661299999999999955e+01 5.020000000000000157e-02
5.853308951900718239e+04 1.675400000000000134e+01 3.200000000000000067e-02
5.853309015900718077e+04 1.700799999999999912e+01 3.610000000000000014e-02
5.853309144900718093e+04 1.775000000000000000e+01 3.749999999999999861e-02
5.853309209900718270e+04 1.738899999999999935e+01 3.280000000000000276e-02
5.853309272900718497e+04 1.752199999999999847e+01 1.660000000000000017e-02
5.853309337900718674e+04 1.800700000000000145e+01 4.950000000000000233e-02
5.853309402900718123e+04 1.665500000000000114e+01 1.290000000000000001e-02
5.853309467900718300e+04 1.733500000000000085e+01 2.009999999999999981e-02
5.853309531900718139e+04 1.769399999999999906e+01 3.109999999999999917e-02
5.853309731900718180e+04 1.681599999999999895e+01 1.540000000000000049e-02
5.853309796900718356e+04 1.665700000000000003e+01 2.400000000000000050e-02
5.853309860900718195e+04 1.781800000000000139e+01 1.190000000000000085e-02
5.853309925900718372e+04 1.703900000000000148e+01 1.619999999999999912e-02
5.853309989900718210e+04 1.697400000000000020e+01 1.549999999999999989e-02
5.853310054900718387e+04 1.700799999999999912e+01 1.409999999999999969e-02
5.853310119900718564e+04 1.695299999999999940e+01 1.629999999999999852e-02
5.853310247900718241e+04 1.723900000000000077e+01 1.499999999999999944e-02
5.853310312900718418e+04 1.724099999999999966e+01 1.770000000000000046e-02
5.853310377900718595e+04 1.724399999999999977e+01 1.439999999999999961e-02
5.853310440900718095e+04 1.741499999999999915e+01 1.379999999999999977e-02
5.853310505900718272e+04 1.733399999999999963e+01 1.149999999999999981e-02
5.853310570900718449e+04 1.784299999999999997e+01 2.630000000000000046e-02
5.853310635900718626e+04 1.794800000000000040e+01 2.790000000000000119e-02
5.853310698900718126e+04 1.734600000000000009e+01 1.439999999999999961e-02
5.853310763900718302e+04 1.758399999999999963e+01 3.300000000000000155e-02
5.853310828900718479e+04 1.742000000000000171e+01 9.799999999999999684e-03
5.853310892900718318e+04 1.757400000000000162e+01 1.030000000000000013e-02
5.853310956900718156e+04 1.749399999999999977e+01 1.549999999999999989e-02
5.853311021900718333e+04 1.771600000000000108e+01 1.239999999999999956e-02
5.853311086900718510e+04 1.793499999999999872e+01 1.430000000000000021e-02
5.853311150900718349e+04 1.802199999999999847e+01 1.480000000000000066e-02
5.853311215900718526e+04 1.778000000000000114e+01 1.299999999999999940e-02
5.853311279900718364e+04 1.789999999999999858e+01 1.460000000000000013e-02
5.853311343900718202e+04 1.754100000000000037e+01 1.349999999999999985e-02
5.853311408900718379e+04 1.779599999999999937e+01 1.789999999999999925e-02
5.853311473900718556e+04 1.778999999999999915e+01 1.770000000000000046e-02
5.853311537900718395e+04 1.752899999999999991e+01 1.370000000000000037e-02
5.853311601900718233e+04 1.764499999999999957e+01 1.510000000000000057e-02
5.853311666900718410e+04 1.823000000000000043e+01 2.029999999999999860e-02
5.853311731900718587e+04 1.748799999999999955e+01 1.400000000000000029e-02
5.853311796900718036e+04 1.806800000000000139e+01 1.280000000000000061e-02
5.853311859900718264e+04 1.798799999999999955e+01 1.499999999999999944e-02
5.853311924900718441e+04 1.736799999999999855e+01 9.499999999999999764e-03
5.853311989900718618e+04 1.782799999999999940e+01 1.280000000000000061e-02
5.853312053900718456e+04 1.743100000000000094e+01 9.799999999999999684e-03
5.853312117900718295e+04 1.801899999999999835e+01 1.859999999999999848e-02
5.853312182900718472e+04 1.802599999999999980e+01 1.849999999999999908e-02
5.853312247900718648e+04 1.740800000000000125e+01 1.319999999999999993e-02
5.853312311900718487e+04 1.802700000000000102e+01 3.059999999999999873e-02
5.853312375900718325e+04 1.800100000000000122e+01 1.919999999999999832e-02
5.853312440900718502e+04 1.748400000000000176e+01 1.060000000000000005e-02
5.853312504900718341e+04 1.737699999999999889e+01 1.149999999999999981e-02
5.853312569900718518e+04 1.741499999999999915e+01 1.039999999999999952e-02
5.853312634900718695e+04 1.747500000000000142e+01 1.009999999999999960e-02
5.853312698900718533e+04 1.747700000000000031e+01 1.060000000000000005e-02
5.853312762900718371e+04 1.762999999999999901e+01 2.050000000000000086e-02
5.853312827900718548e+04 1.765299999999999869e+01 1.119999999999999989e-02
5.853312892900717998e+04 1.766700000000000159e+01 1.099999999999999936e-02
5.853313071900718205e+04 1.732199999999999918e+01 9.299999999999999239e-03
5.853313136900718382e+04 1.726899999999999835e+01 1.420000000000000082e-02
5.853313200900718221e+04 1.722899999999999920e+01 1.490000000000000005e-02
5.853313264900718059e+04 1.718499999999999872e+01 1.290000000000000001e-02
5.853313329900718236e+04 1.720499999999999829e+01 1.230000000000000017e-02
5.853313394900718413e+04 1.699399999999999977e+01 1.450000000000000074e-02
5.853313458900718251e+04 1.719699999999999918e+01 1.239999999999999956e-02
5.853313522900718090e+04 1.705799999999999983e+01 1.349999999999999985e-02
5.853313587900718267e+04 1.735600000000000165e+01 1.569999999999999868e-02
5.853313652900718444e+04 1.718700000000000117e+01 1.689999999999999836e-02
5.853313716900718282e+04 1.749099999999999966e+01 1.099999999999999936e-02
5.853313781900718459e+04 1.737800000000000011e+01 1.190000000000000085e-02
5.853313845900718297e+04 1.732300000000000040e+01 1.110000000000000049e-02
5.853313909900718136e+04 1.739499999999999957e+01 2.040000000000000147e-02
5.853313974900718313e+04 1.717699999999999960e+01 1.760000000000000106e-02
5.853314039900718490e+04 1.726399999999999935e+01 1.260000000000000009e-02
5.853314103900718328e+04 1.703900000000000148e+01 1.750000000000000167e-02
5.853314167900718166e+04 1.745299999999999940e+01 1.590000000000000094e-02
5.853314232900718343e+04 1.747500000000000142e+01 1.329999999999999932e-02
5.853314297900718520e+04 1.724800000000000111e+01 1.359999999999999924e-02
5.853314360900718020e+04 1.724699999999999989e+01 1.340000000000000045e-02
5.853314425900718197e+04 1.730300000000000082e+01 1.469999999999999953e-02
5.853314490900718374e+04 1.739300000000000068e+01 1.619999999999999912e-02
5.853314555900718551e+04 1.740800000000000125e+01 1.030000000000000013e-02
5.853314618900718051e+04 1.739499999999999957e+01 1.700000000000000122e-02
5.853314683900718228e+04 1.740099999999999980e+01 1.710000000000000062e-02
5.853314748900718405e+04 1.737900000000000134e+01 1.810000000000000150e-02
5.853314813900718582e+04 1.731800000000000139e+01 1.650000000000000078e-02
5.853314877900718420e+04 1.732000000000000028e+01 1.779999999999999985e-02
5.853314941900718259e+04 1.747899999999999920e+01 1.949999999999999997e-02
5.853315006900718436e+04 1.742699999999999960e+01 1.919999999999999832e-02
5.853315070900718274e+04 1.753099999999999881e+01 1.870000000000000134e-02
5.853315135900718451e+04 1.732000000000000028e+01 1.770000000000000046e-02
5.853315200900718628e+04 1.737800000000000011e+01 1.859999999999999848e-02
5.853315264900718466e+04 1.738800000000000168e+01 1.899999999999999953e-02
5.853315328900718305e+04 1.758399999999999963e+01 1.260000000000000009e-02
5.853315393900718482e+04 1.705399999999999849e+01 3.479999999999999760e-02
5.853315458900718659e+04 1.744600000000000151e+01 1.220000000000000077e-02
5.853315521900718159e+04 1.757400000000000162e+01 1.239999999999999956e-02
5.853315586900718336e+04 1.710600000000000165e+01 3.670000000000000345e-02
5.853315651900718512e+04 1.750600000000000023e+01 1.739999999999999880e-02
5.853315716900718689e+04 1.739199999999999946e+01 1.220000000000000077e-02
5.853315779900718189e+04 1.768299999999999983e+01 1.700000000000000122e-02
5.853315844900718366e+04 1.765099999999999980e+01 1.499999999999999944e-02
5.853315909900718543e+04 1.754400000000000048e+01 1.310000000000000053e-02
5.853315974900718720e+04 1.752400000000000091e+01 1.469999999999999953e-02
5.853316037900718220e+04 1.755199999999999960e+01 1.580000000000000154e-02
5.853316102900718397e+04 1.745700000000000074e+01 1.119999999999999989e-02
5.853316167900718574e+04 1.746499999999999986e+01 1.069999999999999944e-02
5.853316231900718412e+04 1.743700000000000117e+01 1.030000000000000013e-02
5.853316394900718296e+04 1.753600000000000136e+01 1.129999999999999928e-02
5.853316458900718135e+04 1.746000000000000085e+01 1.080000000000000057e-02
5.853316522900718701e+04 1.754200000000000159e+01 1.119999999999999989e-02
5.853316587900718150e+04 1.740299999999999869e+01 3.109999999999999917e-02
5.853316652900718327e+04 1.772800000000000153e+01 1.250000000000000069e-02
5.853316716900718166e+04 1.768900000000000006e+01 1.299999999999999940e-02
5.853316781900718343e+04 1.783299999999999841e+01 2.139999999999999888e-02
5.853316845900718181e+04 1.723499999999999943e+01 3.740000000000000269e-02
5.853316910900718358e+04 1.732499999999999929e+01 1.209999999999999964e-02
5.853316974900718196e+04 1.726099999999999923e+01 2.500000000000000139e-02
5.853317039900718373e+04 1.778900000000000148e+01 1.280000000000000061e-02
5.853317103900718212e+04 1.744500000000000028e+01 2.819999999999999937e-02
5.853317167900718050e+04 1.773600000000000065e+01 1.340000000000000045e-02
5.853317297900718404e+04 1.721199999999999974e+01 2.500000000000000139e-02
5.853317425900718081e+04 1.753900000000000148e+01 1.269999999999999948e-02
5.853317618900718662e+04 1.744399999999999906e+01 1.200000000000000025e-02
5.853317683900718112e+04 1.753800000000000026e+01 1.230000000000000017e-02
5.853317748900718288e+04 1.770200000000000173e+01 1.269999999999999948e-02
5.853317813900718465e+04 1.761700000000000088e+01 1.299999999999999940e-02
5.853317877900718304e+04 1.752199999999999847e+01 1.269999999999999948e-02
5.853317941900718142e+04 1.742399999999999949e+01 1.200000000000000025e-02
5.853318006900718319e+04 1.727799999999999869e+01 1.190000000000000085e-02
5.853318070900718158e+04 1.736499999999999844e+01 4.030000000000000249e-02
5.853318135900718335e+04 1.721900000000000119e+01 3.200000000000000067e-02
5.853318200900718512e+04 1.704299999999999926e+01 3.320000000000000034e-02
5.853318264900718350e+04 1.632799999999999940e+01 4.989999999999999991e-02
5.853318458900718542e+04 1.667599999999999838e+01 4.739999999999999769e-02
5.853318522900718381e+04 1.683899999999999864e+01 2.709999999999999909e-02
5.853318586900718219e+04 1.684600000000000009e+01 2.929999999999999966e-02
5.853318651900718396e+04 1.661400000000000077e+01 3.699999999999999817e-02
5.853318716900718573e+04 1.702700000000000102e+01 1.810000000000000150e-02
5.853318779900718073e+04 1.696000000000000085e+01 1.980000000000000163e-02
5.853318844900718250e+04 1.737500000000000000e+01 1.209999999999999964e-02
5.853318909900718427e+04 1.714300000000000068e+01 2.989999999999999949e-02
5.853318974900718604e+04 1.767999999999999972e+01 1.340000000000000045e-02
5.853319102900718281e+04 1.756800000000000139e+01 1.379999999999999977e-02
5.853319167900718458e+04 1.753900000000000148e+01 1.329999999999999932e-02
5.853319231900718296e+04 1.728600000000000136e+01 2.189999999999999933e-02
5.853319296900718473e+04 1.732199999999999918e+01 1.149999999999999981e-02
5.853319360900718311e+04 1.741799999999999926e+01 1.250000000000000069e-02
5.853319425900718488e+04 1.763299999999999912e+01 1.349999999999999985e-02
5.853319489900718327e+04 1.673799999999999955e+01 3.710000000000000103e-02
