5.852201068459992530e+04 1.792146966067516445e+01 1.230000000000000017e-02
5.852201178459992661e+04 1.792458239495361028e+01 1.250000000000000069e-02
5.852201288459992793e+04 1.792069512923114871e+01 1.269999999999999948e-02
5.852201399459992535e+04 1.794280888836642163e+01 1.230000000000000017e-02
5.852201509459992667e+04 1.793992162264395773e+01 1.200000000000000025e-02
5.852201619459992799e+04 1.790403435692240564e+01 1.190000000000000085e-02
5.852201729459992930e+04 1.789014709119993896e+01 1.230000000000000017e-02
5.852201839459993062e+04 1.789725982547838612e+01 1.209999999999999964e-02
5.852201949459993193e+04 1.791237255975683240e+01 1.200000000000000025e-02
5.852202060459992936e+04 1.794848631889119517e+01 1.239999999999999956e-02
5.852202170459993067e+04 1.796359905316873196e+01 1.409999999999999969e-02
5.852202280459993199e+04 1.795571178744717855e+01 1.209999999999999964e-02
5.852202390459992603e+04 1.795682452172471599e+01 1.230000000000000017e-02
5.852202500459992734e+04 1.792293725600224974e+01 1.220000000000000077e-02
5.852202610459992866e+04 1.795604999028069670e+01 1.260000000000000009e-02
5.852202720459992997e+04 1.794216272455823358e+01 1.230000000000000017e-02
5.852202831459992740e+04 1.788927648369350720e+01 1.209999999999999964e-02
5.852202941459992871e+04 1.790538921797104521e+01 1.209999999999999964e-02
5.852203051459993003e+04 1.789050195224949036e+01 1.280000000000000061e-02
5.852203161459993134e+04 1.792161468652702538e+01 1.190000000000000085e-02
5.852203271459992538e+04 1.789472742080456058e+01 1.409999999999999969e-02
5.852203381459992670e+04 1.790784015508300797e+01 1.200000000000000025e-02
5.852203491459992802e+04 1.790195288936054396e+01 1.140000000000000041e-02
5.852203602459992544e+04 1.789506664849581696e+01 1.170000000000000033e-02
5.852203712459992676e+04 1.793617938277335355e+01 1.280000000000000061e-02
5.852203822459992807e+04 1.790329211705180157e+01 1.179999999999999973e-02
5.852203932459992939e+04 1.789240485132933500e+01 1.159999999999999920e-02
5.852204042459993070e+04 1.792451758560778075e+01 1.170000000000000033e-02
5.852204152459993202e+04 1.791963031988531796e+01 1.170000000000000033e-02
5.852204262459992606e+04 1.793374305416285353e+01 1.220000000000000077e-02
5.852204373459993076e+04 1.793585681329813042e+01 1.170000000000000033e-02
5.852204483459993207e+04 1.790796954757657389e+01 1.179999999999999973e-02
5.852204593459992611e+04 1.794408228185320198e+01 1.179999999999999973e-02
5.852204703459992743e+04 1.796719501613164738e+01 1.200000000000000025e-02
5.852204813459992874e+04 1.790030775041009292e+01 1.140000000000000041e-02
5.852204923459993006e+04 1.790042048468762914e+01 1.140000000000000041e-02
5.852205033459993138e+04 1.792753321896607588e+01 1.179999999999999973e-02
5.852205144459992880e+04 1.791964697810043816e+01 1.170000000000000033e-02
5.852205254459993012e+04 1.792975971237888544e+01 1.179999999999999973e-02
5.852205364459993143e+04 1.791887244665642243e+01 1.220000000000000077e-02
5.852205480459993123e+04 1.788999133007675013e+01 1.159999999999999920e-02
5.852205590459992527e+04 1.790510406435428692e+01 1.170000000000000033e-02
5.852205700459992659e+04 1.791121679863182337e+01 1.129999999999999928e-02
5.852205810459992790e+04 1.792732953291026732e+01 1.179999999999999973e-02
5.852205921459992533e+04 1.793044329204463239e+01 1.159999999999999920e-02
5.852206031459992664e+04 1.791655602632307875e+01 1.220000000000000077e-02
5.852206141459992796e+04 1.790766876060061463e+01 1.149999999999999981e-02
5.852206251459992927e+04 1.790778149487906035e+01 1.149999999999999981e-02
5.852209225459992740e+04 1.792182941980985689e+01 1.200000000000000025e-02
5.852209335459992872e+04 1.792394215408830149e+01 1.129999999999999928e-02
5.852209445459993003e+04 1.790505488836583936e+01 1.129999999999999928e-02
5.852209555459993135e+04 1.788716762264428439e+01 1.209999999999999964e-02
5.852209665459992539e+04 1.792728035692181976e+01 1.179999999999999973e-02
5.852209776459993009e+04 1.792939411605709665e+01 1.159999999999999920e-02
5.852209919459992670e+04 1.796654067061816562e+01 1.220000000000000077e-02
5.852210028459993191e+04 1.798865238003887157e+01 1.190000000000000085e-02
5.852210138459992595e+04 1.796976511431640944e+01 1.170000000000000033e-02
5.852210249459993065e+04 1.793387887345168252e+01 1.200000000000000025e-02
5.852210359459993197e+04 1.791199160773012977e+01 1.149999999999999981e-02
5.852210469459992601e+04 1.792910434200766545e+01 1.159999999999999920e-02
5.852210579459992732e+04 1.792821707628520045e+01 1.159999999999999920e-02
5.852210689459992864e+04 1.795832981056364730e+01 1.230000000000000017e-02
5.852210799459992995e+04 1.796544254484118497e+01 1.200000000000000025e-02
5.852210910459992738e+04 1.797055630397645842e+01 1.170000000000000033e-02
5.852211020459992869e+04 1.795666903825399530e+01 1.209999999999999964e-02
5.852211130459993001e+04 1.793878177253244033e+01 1.149999999999999981e-02
5.852211240459993132e+04 1.794789450680997689e+01 1.179999999999999973e-02
5.852211350459992536e+04 1.793200724108751132e+01 1.140000000000000041e-02
5.852211460459992668e+04 1.793211997536595703e+01 1.159999999999999920e-02
5.852211570459992799e+04 1.790023270964349322e+01 1.140000000000000041e-02
5.852211680459992931e+04 1.791034544392194050e+01 1.159999999999999920e-02
5.852211791459992673e+04 1.791145920305630668e+01 1.179999999999999973e-02
5.852211901459992805e+04 1.794057193733475231e+01 1.159999999999999920e-02
5.852212011459992937e+04 1.796268467161228699e+01 1.159999999999999920e-02
5.852212121459993068e+04 1.793779740589073413e+01 1.200000000000000025e-02
5.852212231459993200e+04 1.791791014016827077e+01 1.159999999999999920e-02
5.852212341459992604e+04 1.789202287444580719e+01 1.140000000000000041e-02
5.852212452459993074e+04 1.788513663358108019e+01 1.159999999999999920e-02
5.852212562459993205e+04 1.788024936785952690e+01 1.119999999999999989e-02
5.852212672459992609e+04 1.789936210213615198e+01 1.129999999999999928e-02
5.852212782459992741e+04 1.789847483641459647e+01 1.119999999999999989e-02
5.852212892459992872e+04 1.792158757069213593e+01 1.159999999999999920e-02
5.852213002459993004e+04 1.788970030497058161e+01 1.129999999999999928e-02
5.852213112459993135e+04 1.788381303924902710e+01 1.190000000000000085e-02
5.852213223459992878e+04 1.788392679838339205e+01 1.190000000000000085e-02
5.852213333459993009e+04 1.789203953266092739e+01 1.149999999999999981e-02
5.852213443459993141e+04 1.793215226693937225e+01 1.159999999999999920e-02
5.852213553459992545e+04 1.795126500121691038e+01 1.170000000000000033e-02
5.852213663459992677e+04 1.793837773549444492e+01 1.140000000000000041e-02
5.852213773459992808e+04 1.795949046977289143e+01 1.179999999999999973e-02
5.852213883459992940e+04 1.790760320405042805e+01 1.140000000000000041e-02
5.852213994459992682e+04 1.793171696318569985e+01 1.269999999999999948e-02
5.852214104459992814e+04 1.793382969746323852e+01 1.179999999999999973e-02
5.852214214459992945e+04 1.797994243174168361e+01 1.200000000000000025e-02
5.852214445459992567e+04 1.794817917372460059e+01 1.239999999999999956e-02
5.852214556459993037e+04 1.797729293285987495e+01 1.260000000000000009e-02
5.852214666459993168e+04 1.797740566713832067e+01 1.209999999999999964e-02
5.852214776459992572e+04 1.796251840141585632e+01 1.190000000000000085e-02
5.852214886459992704e+04 1.797263113569339410e+01 1.209999999999999964e-02
5.852214996459992835e+04 1.794274386997183868e+01 1.200000000000000025e-02
5.852215107459992578e+04 1.796185762910620198e+01 1.200000000000000025e-02
5.852215217459992709e+04 1.794097036338465045e+01 1.179999999999999973e-02
5.852215327459992841e+04 1.792408309766218721e+01 1.200000000000000025e-02
5.852215437459992972e+04 1.794819583194063028e+01 1.220000000000000077e-02
5.852215547459993104e+04 1.791730856621816770e+01 1.179999999999999973e-02
5.852215658459992846e+04 1.793442232535344161e+01 1.200000000000000025e-02
5.852215768459992978e+04 1.793453505963097783e+01 1.200000000000000025e-02
5.852215878459993110e+04 1.790264779390942351e+01 1.179999999999999973e-02
5.852215988459993241e+04 1.791876052818696152e+01 1.190000000000000085e-02
5.852216098459992645e+04 1.791587326246449763e+01 1.190000000000000085e-02
5.852216208459992777e+04 1.788798599674203160e+01 1.220000000000000077e-02
5.852216318459992908e+04 1.789309873102047987e+01 1.170000000000000033e-02
5.852216429459992651e+04 1.786821249015484270e+01 1.190000000000000085e-02
5.852216539459992782e+04 1.792932522443328835e+01 1.200000000000000025e-02
5.852216649459992914e+04 1.789543795871082565e+01 1.209999999999999964e-02
5.852216759459993045e+04 1.791855069298927106e+01 1.200000000000000025e-02
5.852216869459993177e+04 1.788366342726771663e+01 1.190000000000000085e-02
5.852216979459992581e+04 1.786777616154434511e+01 1.200000000000000025e-02
5.852217090459993051e+04 1.790188992067961848e+01 1.269999999999999948e-02
5.852217200459993182e+04 1.790100265495806298e+01 1.220000000000000077e-02
5.852217310459992586e+04 1.790811538923560065e+01 1.190000000000000085e-02
5.852217420459992718e+04 1.791822812351313488e+01 1.220000000000000077e-02
5.852217530459992850e+04 1.790434085779158124e+01 1.239999999999999956e-02
5.852217640459992981e+04 1.791545359206911670e+01 1.260000000000000009e-02
