5.853296263900718623e+04 1.806465172020056897e+01 1.209999999999999964e-02
5.853296330900718021e+04 1.813743140508783824e+01 1.269999999999999948e-02
5.853296402900718385e+04 1.812812002164488590e+01 1.319999999999999993e-02
5.853296474900718022e+04 1.806380863823103411e+01 1.340000000000000045e-02
5.853296543900718098e+04 1.787255189577457415e+01 1.220000000000000077e-02
5.853296613900718512e+04 1.806527693966079795e+01 1.660000000000000017e-02
5.853296691900717997e+04 1.767585627428851680e+01 1.640000000000000138e-02
5.853296778900718346e+04 1.769027168597131805e+01 1.770000000000000046e-02
5.853296843900718522e+04 1.815808779815866103e+01 1.340000000000000045e-02
5.853296908900718699e+04 1.789890391033144823e+01 1.990000000000000102e-02
5.853296972900718538e+04 1.808673823619065502e+01 1.119999999999999989e-02
5.853297036900718376e+04 1.812257256203531242e+01 1.140000000000000041e-02
5.853297101900718553e+04 1.832138867420810158e+01 5.569999999999999951e-02
5.853298068900718499e+04 1.849777606624762782e+01 2.790000000000000119e-02
5.853298132900718338e+04 1.795561039209228227e+01 1.110000000000000049e-02
5.853298197900718515e+04 1.796042650426507237e+01 1.099999999999999936e-02
5.853298262900718692e+04 1.817724261645241413e+01 3.119999999999999857e-02
5.853298326900718530e+04 1.824707694229707045e+01 1.159999999999999920e-02
5.853298391900718707e+04 1.792589305448441195e+01 1.099999999999999936e-02
5.853298519900718384e+04 1.813756170617372021e+01 1.200000000000000025e-02
5.853298584900718561e+04 1.789037781834651142e+01 1.609999999999999973e-02
5.853298649900718010e+04 1.785119393054840486e+01 1.430000000000000021e-02
5.853298713900718576e+04 1.768302825637850617e+01 1.319999999999999993e-02
5.853298777900718414e+04 1.777586258222316218e+01 1.400000000000000029e-02
5.853298842900718591e+04 1.754967869441050254e+01 1.830000000000000029e-02
5.853298907900718041e+04 1.773249480659784538e+01 1.799999999999999864e-02
5.853298970900718268e+04 1.760934734609981334e+01 1.290000000000000001e-02
5.853299035900718445e+04 1.785216345827260298e+01 1.810000000000000150e-02
5.853299100900718622e+04 1.774497957045994667e+01 1.590000000000000094e-02
5.853299165900718071e+04 1.783779568264728610e+01 1.569999999999999868e-02
5.853299228900718299e+04 1.752164822214925621e+01 1.980000000000000163e-02
5.853299293900718476e+04 1.777946433433659479e+01 1.480000000000000066e-02
5.853299358900718653e+04 1.708628044650938804e+01 3.269999999999999990e-02
5.853299422900718491e+04 1.789011477235404257e+01 2.860000000000000042e-02
5.853299487900718668e+04 1.812093088454138368e+01 3.339999999999999913e-02
5.853299664900718199e+04 1.777170706696414726e+01 1.820000000000000090e-02
5.853299728900718037e+04 1.797754139280880281e+01 1.510000000000000057e-02
5.853299792900718603e+04 1.772137571863890315e+01 1.480000000000000066e-02
5.853299857900718052e+04 1.780419183082624457e+01 1.319999999999999993e-02
5.853299922900718229e+04 1.781900794301358815e+01 1.559999999999999928e-02
5.853299987900718406e+04 1.779382405518637711e+01 1.409999999999999969e-02
5.853300050900718634e+04 1.828367659468834461e+01 1.179999999999999973e-02
5.853300115900718083e+04 1.823849270689023783e+01 2.079999999999999905e-02
5.853300180900718260e+04 1.811730881906303026e+01 1.129999999999999928e-02
5.853300244900718099e+04 1.794614314490768336e+01 1.629999999999999852e-02
5.853300308900718665e+04 1.778597747073778734e+01 1.519999999999999997e-02
5.853300373900718114e+04 1.764979358293967948e+01 1.269999999999999948e-02
5.853300438900718291e+04 1.776860969511247035e+01 1.609999999999999973e-02
5.853300502900718129e+04 1.771044402097167847e+01 2.160000000000000114e-02
5.853300566900718695e+04 1.771827834680178171e+01 2.170000000000000054e-02
5.853300631900718145e+04 1.751909445898912310e+01 2.270000000000000143e-02
5.853300695900718711e+04 1.845092878481922583e+01 1.439999999999999961e-02
5.853300760900718160e+04 1.762874489702111802e+01 2.350000000000000006e-02
5.853300825900718337e+04 1.832156100919390695e+01 1.409999999999999969e-02
5.853300889900718175e+04 1.805139533503856342e+01 1.310000000000000053e-02
5.853300953900718014e+04 1.780222966089776904e+01 1.870000000000000134e-02
5.853301018900718191e+04 1.861104577307056118e+01 2.290000000000000022e-02
5.853301083900718368e+04 1.901486188525790055e+01 2.160000000000000114e-02
5.853301146900718595e+04 1.888771442474531881e+01 2.210000000000000159e-02
5.853301211900718044e+04 1.804953053694721277e+01 1.499999999999999944e-02
5.853301276900718221e+04 1.875834664911999994e+01 1.260000000000000009e-02
5.853301341900718398e+04 1.788516276130734184e+01 1.870000000000000134e-02
5.853301404900718626e+04 1.778701530080931192e+01 1.400000000000000029e-02
5.853301469900718075e+04 1.852683141299665337e+01 1.969999999999999876e-02
5.853301534900718252e+04 1.783864752518399399e+01 1.629999999999999852e-02
5.853301598900718091e+04 1.856348185102864790e+01 1.849999999999999908e-02
5.853301663900718268e+04 1.788129796320144038e+01 1.420000000000000082e-02
5.853301727900718106e+04 1.784213228904609494e+01 1.239999999999999956e-02
5.853301792900718283e+04 1.780394840123343414e+01 1.060000000000000005e-02
5.853301856900718121e+04 1.777478272707809026e+01 1.020000000000000073e-02
5.853301921900718298e+04 1.774359883926543091e+01 1.009999999999999960e-02
5.853301985900718137e+04 1.786743316511008572e+01 1.110000000000000049e-02
5.853302049900718703e+04 1.783026749094019081e+01 1.099999999999999936e-02
5.853302114900718152e+04 1.766108360312753334e+01 1.110000000000000049e-02
5.853302179900718329e+04 1.770889971531487461e+01 1.069999999999999944e-02
5.853302244900718506e+04 1.766371582750221592e+01 1.129999999999999928e-02
5.853302307900718006e+04 1.777956836700418464e+01 1.009999999999999960e-02
5.853302372900718183e+04 1.783638447919152625e+01 1.119999999999999989e-02
5.853302437900718360e+04 1.787520059136431527e+01 1.009999999999999960e-02
5.853302500900718587e+04 1.781405313086628439e+01 1.159999999999999920e-02
5.853302565900718037e+04 1.789986924305362592e+01 1.030000000000000013e-02
5.853302630900718214e+04 1.774568535524096546e+01 1.080000000000000057e-02
5.853302695900718390e+04 1.773950146742830825e+01 1.009999999999999960e-02
5.853302759900718229e+04 1.779533579327296167e+01 1.060000000000000005e-02
5.853302823900718067e+04 1.781717011911761617e+01 1.099999999999999936e-02
5.853302995900718088e+04 1.782203736981239572e+01 1.039999999999999952e-02
5.853303058900718315e+04 1.781188990931436322e+01 1.039999999999999952e-02
5.853303123900718492e+04 1.779670602148715375e+01 1.140000000000000041e-02
5.853303188900718669e+04 1.804652213367449320e+01 5.589999999999999830e-02
5.853303253900718119e+04 1.778533824587638890e+01 2.149999999999999828e-02
5.853303316900718346e+04 1.799119078536380201e+01 1.609999999999999973e-02
5.853303446900718700e+04 1.758482300972393375e+01 1.099999999999999936e-02
5.853303510900718538e+04 1.748265733556858947e+01 1.129999999999999928e-02
5.853303575900718715e+04 1.876447344775593251e+01 1.290000000000000001e-02
5.853303639900718554e+04 1.762630777360058687e+01 1.250000000000000069e-02
5.853303704900718003e+04 1.769412388580247963e+01 1.770000000000000046e-02
5.853303768900718569e+04 1.855995821163258341e+01 1.799999999999999864e-02
5.853303833900718018e+04 1.801877432381992605e+01 1.099999999999999936e-02
5.853303897900718584e+04 1.777060864965002907e+01 1.020000000000000073e-02
5.853303961900718423e+04 1.795644297549468149e+01 1.060000000000000005e-02
5.853304026900718600e+04 1.787225908768202487e+01 1.030000000000000013e-02
5.853304091900718049e+04 1.792207519986936504e+01 1.119999999999999989e-02
5.853304156900718226e+04 1.777789131205670969e+01 1.060000000000000005e-02
5.853304219900718454e+04 1.793974385155867424e+01 1.149999999999999981e-02
5.853304284900718631e+04 1.778555996373146542e+01 9.700000000000000289e-03
5.853304349900718080e+04 1.793537607593335892e+01 1.119999999999999989e-02
5.853304412900718307e+04 1.777822861542077604e+01 1.060000000000000005e-02
5.853304477900718484e+04 1.782404472760811842e+01 1.190000000000000085e-02
5.853304542900718661e+04 1.799686083979545970e+01 1.110000000000000049e-02
5.853304607900718111e+04 1.803467695198279941e+01 1.099999999999999936e-02
5.853304671900718677e+04 1.749051127781290305e+01 2.699999999999999969e-02
5.853304735900718515e+04 1.792534560365755780e+01 1.110000000000000049e-02
5.853304800900718692e+04 1.792616171584490203e+01 1.110000000000000049e-02
5.853304864900718530e+04 1.805199604168955574e+01 1.349999999999999985e-02
5.853304929900718707e+04 1.727281215387689528e+01 2.779999999999999832e-02
5.853304994900718157e+04 1.738562826606423783e+01 2.910000000000000087e-02
5.853305058900718723e+04 1.811146259189434105e+01 1.089999999999999997e-02
5.853305122900718561e+04 1.806029691773899515e+01 1.089999999999999997e-02
5.853305187900718010e+04 1.782211302994089053e+01 2.309999999999999901e-02
5.853305252900718187e+04 1.772492914211368031e+01 2.270000000000000143e-02
5.853305315900718415e+04 1.791378168161564943e+01 2.450000000000000094e-02
5.853305380900718592e+04 1.773159779380299028e+01 2.079999999999999905e-02
5.853305445900718041e+04 1.789741390599033011e+01 2.610000000000000167e-02
5.853305510900718218e+04 1.787523001817767465e+01 2.510000000000000078e-02
5.853305573900718446e+04 1.786408255766508901e+01 3.009999999999999828e-02
5.853305638900718623e+04 1.782989866985242955e+01 2.510000000000000078e-02
5.853305703900718072e+04 1.796871478203977190e+01 2.560000000000000123e-02
5.853305767900718638e+04 1.826054910786987406e+01 1.629999999999999852e-02
5.853305831900718476e+04 1.831138343372908395e+01 1.669999999999999957e-02
5.853305896900718653e+04 1.818219954590187371e+01 2.690000000000000030e-02
5.853305961900718103e+04 1.825801565810376559e+01 2.419999999999999929e-02
5.853306025900718669e+04 1.804284998393386985e+01 2.280000000000000082e-02
5.853306090900718118e+04 1.814166609612120951e+01 2.280000000000000082e-02
5.853306154900718684e+04 1.821050042195131269e+01 2.309999999999999901e-02
5.853306371900718659e+04 1.810054805802334954e+01 2.249999999999999917e-02
5.853306436900718109e+04 1.823836417021069067e+01 2.350000000000000006e-02
5.853306500900718675e+04 1.827319849604079138e+01 2.259999999999999856e-02
5.853306629900718690e+04 1.849284893407278929e+01 2.249999999999999917e-02
5.853306694900718139e+04 1.845066504626013071e+01 2.350000000000000006e-02
5.853306757900718367e+04 1.854651758576209986e+01 2.299999999999999961e-02
5.853306822900718544e+04 1.839833369794943962e+01 2.259999999999999856e-02
5.853307080900718574e+04 1.854263457399888182e+01 2.110000000000000070e-02
5.853307209900718590e+04 1.861328501203087882e+01 2.129999999999999949e-02
5.853307274900718039e+04 1.828410112421822120e+01 1.379999999999999977e-02
5.853307338900718605e+04 1.830693545004832501e+01 3.470000000000000168e-02
5.853307467900718621e+04 1.810758588808031888e+01 1.600000000000000033e-02
5.853307532900718070e+04 1.837540200026766257e+01 1.779999999999999985e-02
5.853307597900718247e+04 1.838521811245500359e+01 1.919999999999999832e-02
5.853307660900718474e+04 1.833907065195697328e+01 1.490000000000000005e-02
5.853307725900718651e+04 1.833988676412976204e+01 1.430000000000000021e-02
5.853307790900718101e+04 1.798170287633165643e+01 1.580000000000000154e-02
5.853307855900718278e+04 1.825851898850444499e+01 1.779999999999999985e-02
5.853307918900718505e+04 1.810237152800641169e+01 1.739999999999999880e-02
5.853307983900718682e+04 1.805318764019375521e+01 1.859999999999999848e-02
5.853308048900718131e+04 1.801500375238109797e+01 1.799999999999999864e-02
5.853308113900718308e+04 1.813881986456843975e+01 1.890000000000000013e-02
5.853308176900718536e+04 1.798267240405585454e+01 1.710000000000000062e-02
5.853308241900718713e+04 1.798648851624319533e+01 1.750000000000000167e-02
5.853308306900718162e+04 1.838030462843053670e+01 3.180000000000000188e-02
5.853308370900718000e+04 1.830213895427519333e+01 3.020000000000000115e-02
5.853308434900718566e+04 1.804697328011984681e+01 1.930000000000000118e-02
5.853308499900718016e+04 1.840278939230718791e+01 3.200000000000000067e-02
5.853308564900718193e+04 1.854960550449452938e+01 3.969999999999999918e-02
5.853308628900718031e+04 1.796043983033918678e+01 1.640000000000000138e-02
5.853308693900718208e+04 1.837325594251197458e+01 3.740000000000000269e-02
5.853308757900718047e+04 1.868609026835662945e+01 5.790000000000000008e-02
5.853308821900718613e+04 1.812592459420128677e+01 2.719999999999999848e-02
5.853308886900718062e+04 1.720174070638862673e+01 5.020000000000000157e-02
5.853308951900718239e+04 1.734155681857597031e+01 3.200000000000000067e-02
5.853309015900718077e+04 1.759439114442062291e+01 3.610000000000000014e-02
5.853309144900718093e+04 1.833404158243806847e+01 3.749999999999999861e-02
5.853309209900718270e+04 1.797185769462540961e+01 3.280000000000000276e-02
5.853309272900718497e+04 1.810371023412737657e+01 1.660000000000000017e-02
5.853309337900718674e+04 1.858752634630016942e+01 4.950000000000000233e-02
5.853309402900718123e+04 1.723434245850206281e+01 1.290000000000000001e-02
5.853309467900718300e+04 1.791315857067485240e+01 2.009999999999999981e-02
5.853309531900718139e+04 1.827099289651950542e+01 3.109999999999999917e-02
5.853309731900718180e+04 1.738935016478041362e+01 1.540000000000000049e-02
5.853309796900718356e+04 1.722916627696775649e+01 2.400000000000000050e-02
5.853309860900718195e+04 1.838900060281241267e+01 1.190000000000000085e-02
5.853309925900718372e+04 1.760881671498520262e+01 1.619999999999999912e-02
5.853309989900718210e+04 1.754265104082985616e+01 1.549999999999999989e-02
5.853310054900718387e+04 1.757546715301719686e+01 1.409999999999999969e-02
5.853310119900718564e+04 1.751928326518998702e+01 1.629999999999999852e-02
5.853310247900718241e+04 1.780295191689384993e+01 1.499999999999999944e-02
5.853310312900718418e+04 1.780376802906663869e+01 1.770000000000000046e-02
5.853310377900718595e+04 1.780558414125398059e+01 1.439999999999999961e-02
5.853310440900718095e+04 1.797543668075594780e+01 1.379999999999999977e-02
5.853310505900718272e+04 1.789325279294329007e+01 1.149999999999999981e-02
5.853310570900718449e+04 1.840106890511608029e+01 2.630000000000000046e-02
5.853310635900718626e+04 1.850488501730342250e+01 2.790000000000000119e-02
5.853310698900718126e+04 1.790173755681994194e+01 1.439999999999999961e-02
5.853310763900718302e+04 1.813855366899273136e+01 3.300000000000000155e-02
5.853310828900718479e+04 1.797336978118007522e+01 9.799999999999999684e-03
5.853310892900718318e+04 1.812620410702472995e+01 1.030000000000000013e-02
5.853310956900718156e+04 1.804503843286938292e+01 1.549999999999999989e-02
5.853311021900718333e+04 1.826585454505672601e+01 1.239999999999999956e-02
5.853311086900718510e+04 1.848367065722951352e+01 1.430000000000000021e-02
5.853311150900718349e+04 1.856950498307416808e+01 1.480000000000000066e-02
5.853311215900718526e+04 1.832632109526151254e+01 1.299999999999999940e-02
5.853311279900718364e+04 1.844515542110616479e+01 1.460000000000000013e-02
5.853311343900718202e+04 1.808498974695082140e+01 1.349999999999999985e-02
5.853311408900718379e+04 1.833880585912361028e+01 1.789999999999999925e-02
5.853311473900718556e+04 1.833162197131095184e+01 1.770000000000000046e-02
5.853311537900718395e+04 1.806945629715560742e+01 1.370000000000000037e-02
5.853311601900718233e+04 1.818429062300026189e+01 1.510000000000000057e-02
5.853311666900718410e+04 1.876810673518760453e+01 2.029999999999999860e-02
5.853311731900718587e+04 1.802492284736039352e+01 1.400000000000000029e-02
5.853311796900718036e+04 1.860373895956228907e+01 1.280000000000000061e-02
5.853311859900718264e+04 1.852259149904970315e+01 1.499999999999999944e-02
5.853311924900718441e+04 1.790140761123704394e+01 9.499999999999999764e-03
5.853311989900718618e+04 1.836022372342438658e+01 1.280000000000000061e-02
5.853312053900718456e+04 1.796205804926904293e+01 9.799999999999999684e-03
5.853312117900718295e+04 1.854889237511369515e+01 1.859999999999999848e-02
5.853312182900718472e+04 1.855470848728648647e+01 1.849999999999999908e-02
5.853312247900718648e+04 1.793552459947382971e+01 1.319999999999999993e-02
5.853312311900718487e+04 1.855335892531848430e+01 3.059999999999999873e-02
5.853312375900718325e+04 1.852619325116313931e+01 1.919999999999999832e-02
5.853312440900718502e+04 1.800800936335048164e+01 1.060000000000000005e-02
5.853312504900718341e+04 1.789984368919513358e+01 1.149999999999999981e-02
5.853312569900718518e+04 1.793665980136792371e+01 1.039999999999999952e-02
5.853312634900718695e+04 1.799547591355526777e+01 1.009999999999999960e-02
5.853312698900718533e+04 1.799631023939992147e+01 1.060000000000000005e-02
5.853312762900718371e+04 1.814814456524457498e+01 2.050000000000000086e-02
5.853312827900718548e+04 1.816996067743191645e+01 1.119999999999999989e-02
5.853312892900717998e+04 1.818277678961926114e+01 1.099999999999999936e-02
5.853313071900718205e+04 1.783451654471284442e+01 9.299999999999999239e-03
5.853313136900718382e+04 1.778033265688563347e+01 1.420000000000000082e-02
5.853313200900718221e+04 1.773916698273028913e+01 1.490000000000000005e-02
5.853313264900718059e+04 1.769400130857494347e+01 1.290000000000000001e-02
5.853313329900718236e+04 1.771281742076228483e+01 1.230000000000000017e-02
5.853313394900718413e+04 1.750063353294962809e+01 1.450000000000000074e-02
5.853313458900718251e+04 1.770246785879428231e+01 1.239999999999999956e-02
5.853313522900718090e+04 1.756230218463893777e+01 1.349999999999999985e-02
5.853313587900718267e+04 1.785911829681172946e+01 1.569999999999999868e-02
5.853313652900718444e+04 1.768893440899907077e+01 1.689999999999999836e-02
5.853313716900718282e+04 1.799176873484372408e+01 1.099999999999999936e-02
5.853313781900718459e+04 1.787758484701651440e+01 1.190000000000000085e-02
5.853313845900718297e+04 1.782141917287572142e+01 1.110000000000000049e-02
5.853313909900718136e+04 1.789225349872037540e+01 2.040000000000000147e-02
5.853313974900718313e+04 1.767306961089316530e+01 1.760000000000000106e-02
5.853314039900718490e+04 1.775888572308050684e+01 1.260000000000000009e-02
5.853314103900718328e+04 1.753272004892516378e+01 1.750000000000000167e-02
5.853314167900718166e+04 1.794555437476981652e+01 1.590000000000000094e-02
5.853314232900718343e+04 1.796637048694260841e+01 1.329999999999999932e-02
5.853314297900718520e+04 1.773818659912994988e+01 1.359999999999999924e-02
5.853314360900718020e+04 1.773603913864646842e+01 1.340000000000000045e-02
5.853314425900718197e+04 1.779085525081925923e+01 1.469999999999999953e-02
5.853314490900718374e+04 1.787967136300660087e+01 1.619999999999999912e-02
5.853314555900718551e+04 1.789348747517939131e+01 1.030000000000000013e-02
5.853314618900718051e+04 1.787934001469590939e+01 1.700000000000000122e-02
5.853314683900718228e+04 1.788415612688325140e+01 1.710000000000000062e-02
5.853314748900718405e+04 1.786097223905604281e+01 1.810000000000000150e-02
5.853314813900718582e+04 1.779878835124338465e+01 1.650000000000000078e-02
5.853314877900718420e+04 1.779962267708803836e+01 1.779999999999999985e-02
5.853314941900718259e+04 1.795745700293269209e+01 1.949999999999999997e-02
5.853315006900718436e+04 1.790427311510548236e+01 1.919999999999999832e-02
5.853315070900718274e+04 1.800710744095013638e+01 1.870000000000000134e-02
5.853315135900718451e+04 1.779492355313747964e+01 1.770000000000000046e-02
5.853315200900718628e+04 1.785173966532482126e+01 1.859999999999999848e-02
5.853315264900718466e+04 1.786057399116947764e+01 1.899999999999999953e-02
5.853315328900718305e+04 1.805540831701413040e+01 1.260000000000000009e-02
5.853315393900718482e+04 1.752422442918691914e+01 3.479999999999999760e-02
5.853315458900718659e+04 1.791504054137426394e+01 1.220000000000000077e-02
5.853315521900718159e+04 1.804189308087623189e+01 1.239999999999999956e-02
5.853315586900718336e+04 1.757270919306357371e+01 3.670000000000000345e-02
5.853315651900718512e+04 1.797152530525091407e+01 1.739999999999999880e-02
5.853315716900718689e+04 1.785634141742370318e+01 1.220000000000000077e-02
5.853315779900718189e+04 1.814619395694022330e+01 1.700000000000000122e-02
5.853315844900718366e+04 1.811301006911301315e+01 1.499999999999999944e-02
5.853315909900718543e+04 1.800482618130035561e+01 1.310000000000000053e-02
5.853315974900718720e+04 1.798364229347314591e+01 1.469999999999999953e-02
5.853316037900718220e+04 1.801049483298966436e+01 1.580000000000000154e-02
5.853316102900718397e+04 1.791431094517700728e+01 1.119999999999999989e-02
5.853316167900718574e+04 1.792112705734979627e+01 1.069999999999999944e-02
5.853316231900718412e+04 1.789196138319445240e+01 1.030000000000000013e-02
5.853316394900718296e+04 1.798799255683415055e+01 1.129999999999999928e-02
5.853316458900718135e+04 1.791082688267880485e+01 1.080000000000000057e-02
5.853316522900718701e+04 1.799166120850890849e+01 1.119999999999999989e-02
5.853316587900718150e+04 1.785147732071079929e+01 3.109999999999999917e-02
5.853316652900718327e+04 1.817529343288359200e+01 1.250000000000000069e-02
5.853316716900718166e+04 1.813512775872824534e+01 1.299999999999999940e-02
5.853316781900718343e+04 1.827794387091558548e+01 2.139999999999999888e-02
5.853316845900718181e+04 1.767877819676024131e+01 3.740000000000000269e-02
5.853316910900718358e+04 1.776759430893303104e+01 1.209999999999999964e-02
5.853316974900718196e+04 1.770242863477768580e+01 2.500000000000000139e-02
5.853317039900718373e+04 1.822924474696502983e+01 1.280000000000000061e-02
5.853317103900718212e+04 1.788407907280968345e+01 2.819999999999999937e-02
5.853317167900718050e+04 1.817391339865433864e+01 1.340000000000000045e-02
5.853317297900718404e+04 1.764754562301446938e+01 2.500000000000000139e-02
5.853317425900718081e+04 1.797221427471833266e+01 1.269999999999999948e-02
5.853317618900718662e+04 1.787369903856587783e+01 1.200000000000000025e-02
5.853317683900718112e+04 1.796651515076777272e+01 1.230000000000000017e-02
5.853317748900718288e+04 1.812933126294056407e+01 1.269999999999999948e-02
5.853317813900718465e+04 1.804314737512790501e+01 1.299999999999999940e-02
5.853317877900718304e+04 1.794698170097255741e+01 1.269999999999999948e-02
5.853317941900718142e+04 1.784781602681721324e+01 1.200000000000000025e-02
5.853318006900718319e+04 1.770063213900455423e+01 1.190000000000000085e-02
5.853318070900718158e+04 1.778646646484920879e+01 4.030000000000000249e-02
5.853318135900718335e+04 1.763928257702200142e+01 3.200000000000000067e-02
5.853318200900718512e+04 1.746209868920934127e+01 3.320000000000000034e-02
5.853318264900718350e+04 1.674593301505399623e+01 4.989999999999999991e-02
5.853318458900718542e+04 1.709039956525878168e+01 4.739999999999999769e-02
5.853318522900718381e+04 1.725223389110343675e+01 2.709999999999999909e-02
5.853318586900718219e+04 1.725806821694809301e+01 2.929999999999999966e-02
5.853318651900718396e+04 1.702488432913543548e+01 3.699999999999999817e-02
5.853318716900718573e+04 1.743670044130822561e+01 1.810000000000000150e-02
5.853318779900718073e+04 1.736855298082474519e+01 1.980000000000000163e-02
5.853318844900718250e+04 1.778236909301208613e+01 1.209999999999999964e-02
5.853318909900718427e+04 1.754918520518487668e+01 2.989999999999999949e-02
5.853318974900718604e+04 1.808500131737221750e+01 1.340000000000000045e-02
5.853319102900718281e+04 1.797066996906152880e+01 1.379999999999999977e-02
5.853319167900718458e+04 1.794048608123431876e+01 1.329999999999999932e-02
5.853319231900718296e+04 1.768632040709352538e+01 2.189999999999999933e-02
5.853319296900718473e+04 1.772113651926631306e+01 1.149999999999999981e-02
5.853319360900718311e+04 1.781597084511096796e+01 1.250000000000000069e-02
5.853319425900718488e+04 1.802978695729830960e+01 1.349999999999999985e-02
5.853319489900718327e+04 1.713362128314296484e+01 3.710000000000000103e-02
5.852201068459992530e+04 1.792146966067516445e+01 1.230000000000000017e-02
5.852201178459992661e+04 1.792458239495361028e+01 1.250000000000000069e-02
5.852201288459992793e+04 1.792069512923114871e+01 1.269999999999999948e-02
5.852201399459992535e+04 1.794280888836642163e+01 1.230000000000000017e-02
5.852201509459992667e+04 1.793992162264395773e+01 1.200000000000000025e-02
5.852201619459992799e+04 1.790403435692240564e+01 1.190000000000000085e-02
5.852201729459992930e+04 1.789014709119993896e+01 1.230000000000000017e-02
5.852201839459993062e+04 1.789725982547838612e+01 1.209999999999999964e-02
5.852201949459993193e+04 1.791237255975683240e+01 1.200000000000000025e-02
5.852202060459992936e+04 1.794848631889119517e+01 1.239999999999999956e-02
5.852202170459993067e+04 1.796359905316873196e+01 1.409999999999999969e-02
5.852202280459993199e+04 1.795571178744717855e+01 1.209999999999999964e-02
5.852202390459992603e+04 1.795682452172471599e+01 1.230000000000000017e-02
5.852202500459992734e+04 1.792293725600224974e+01 1.220000000000000077e-02
5.852202610459992866e+04 1.795604999028069670e+01 1.260000000000000009e-02
5.852202720459992997e+04 1.794216272455823358e+01 1.230000000000000017e-02
5.852202831459992740e+04 1.788927648369350720e+01 1.209999999999999964e-02
5.852202941459992871e+04 1.790538921797104521e+01 1.209999999999999964e-02
5.852203051459993003e+04 1.789050195224949036e+01 1.280000000000000061e-02
5.852203161459993134e+04 1.792161468652702538e+01 1.190000000000000085e-02
5.852203271459992538e+04 1.789472742080456058e+01 1.409999999999999969e-02
5.852203381459992670e+04 1.790784015508300797e+01 1.200000000000000025e-02
5.852203491459992802e+04 1.790195288936054396e+01 1.140000000000000041e-02
5.852203602459992544e+04 1.789506664849581696e+01 1.170000000000000033e-02
5.852203712459992676e+04 1.793617938277335355e+01 1.280000000000000061e-02
5.852203822459992807e+04 1.790329211705180157e+01 1.179999999999999973e-02
5.852203932459992939e+04 1.789240485132933500e+01 1.159999999999999920e-02
5.852204042459993070e+04 1.792451758560778075e+01 1.170000000000000033e-02
5.852204152459993202e+04 1.791963031988531796e+01 1.170000000000000033e-02
5.852204262459992606e+04 1.793374305416285353e+01 1.220000000000000077e-02
5.852204373459993076e+04 1.793585681329813042e+01 1.170000000000000033e-02
5.852204483459993207e+04 1.790796954757657389e+01 1.179999999999999973e-02
5.852204593459992611e+04 1.794408228185320198e+01 1.179999999999999973e-02
5.852204703459992743e+04 1.796719501613164738e+01 1.200000000000000025e-02
5.852204813459992874e+04 1.790030775041009292e+01 1.140000000000000041e-02
5.852204923459993006e+04 1.790042048468762914e+01 1.140000000000000041e-02
5.852205033459993138e+04 1.792753321896607588e+01 1.179999999999999973e-02
5.852205144459992880e+04 1.791964697810043816e+01 1.170000000000000033e-02
5.852205254459993012e+04 1.792975971237888544e+01 1.179999999999999973e-02
5.852205364459993143e+04 1.791887244665642243e+01 1.220000000000000077e-02
5.852205480459993123e+04 1.788999133007675013e+01 1.159999999999999920e-02
5.852205590459992527e+04 1.790510406435428692e+01 1.170000000000000033e-02
5.852205700459992659e+04 1.791121679863182337e+01 1.129999999999999928e-02
5.852205810459992790e+04 1.792732953291026732e+01 1.179999999999999973e-02
5.852205921459992533e+04 1.793044329204463239e+01 1.159999999999999920e-02
5.852206031459992664e+04 1.791655602632307875e+01 1.220000000000000077e-02
5.852206141459992796e+04 1.790766876060061463e+01 1.149999999999999981e-02
5.852206251459992927e+04 1.790778149487906035e+01 1.149999999999999981e-02
5.852209225459992740e+04 1.792182941980985689e+01 1.200000000000000025e-02
5.852209335459992872e+04 1.792394215408830149e+01 1.129999999999999928e-02
5.852209445459993003e+04 1.790505488836583936e+01 1.129999999999999928e-02
5.852209555459993135e+04 1.788716762264428439e+01 1.209999999999999964e-02
5.852209665459992539e+04 1.792728035692181976e+01 1.179999999999999973e-02
5.852209776459993009e+04 1.792939411605709665e+01 1.159999999999999920e-02
5.852209919459992670e+04 1.796654067061816562e+01 1.220000000000000077e-02
5.852210028459993191e+04 1.798865238003887157e+01 1.190000000000000085e-02
5.852210138459992595e+04 1.796976511431640944e+01 1.170000000000000033e-02
5.852210249459993065e+04 1.793387887345168252e+01 1.200000000000000025e-02
5.852210359459993197e+04 1.791199160773012977e+01 1.149999999999999981e-02
5.852210469459992601e+04 1.792910434200766545e+01 1.159999999999999920e-02
5.852210579459992732e+04 1.792821707628520045e+01 1.159999999999999920e-02
5.852210689459992864e+04 1.795832981056364730e+01 1.230000000000000017e-02
5.852210799459992995e+04 1.796544254484118497e+01 1.200000000000000025e-02
5.852210910459992738e+04 1.797055630397645842e+01 1.170000000000000033e-02
5.852211020459992869e+04 1.795666903825399530e+01 1.209999999999999964e-02
5.852211130459993001e+04 1.793878177253244033e+01 1.149999999999999981e-02
5.852211240459993132e+04 1.794789450680997689e+01 1.179999999999999973e-02
5.852211350459992536e+04 1.793200724108751132e+01 1.140000000000000041e-02
5.852211460459992668e+04 1.793211997536595703e+01 1.159999999999999920e-02
5.852211570459992799e+04 1.790023270964349322e+01 1.140000000000000041e-02
5.852211680459992931e+04 1.791034544392194050e+01 1.159999999999999920e-02
5.852211791459992673e+04 1.791145920305630668e+01 1.179999999999999973e-02
5.852211901459992805e+04 1.794057193733475231e+01 1.159999999999999920e-02
5.852212011459992937e+04 1.796268467161228699e+01 1.159999999999999920e-02
5.852212121459993068e+04 1.793779740589073413e+01 1.200000000000000025e-02
5.852212231459993200e+04 1.791791014016827077e+01 1.159999999999999920e-02
5.852212341459992604e+04 1.789202287444580719e+01 1.140000000000000041e-02
5.852212452459993074e+04 1.788513663358108019e+01 1.159999999999999920e-02
5.852212562459993205e+04 1.788024936785952690e+01 1.119999999999999989e-02
5.852212672459992609e+04 1.789936210213615198e+01 1.129999999999999928e-02
5.852212782459992741e+04 1.789847483641459647e+01 1.119999999999999989e-02
5.852212892459992872e+04 1.792158757069213593e+01 1.159999999999999920e-02
5.852213002459993004e+04 1.788970030497058161e+01 1.129999999999999928e-02
5.852213112459993135e+04 1.788381303924902710e+01 1.190000000000000085e-02
5.852213223459992878e+04 1.788392679838339205e+01 1.190000000000000085e-02
5.852213333459993009e+04 1.789203953266092739e+01 1.149999999999999981e-02
5.852213443459993141e+04 1.793215226693937225e+01 1.159999999999999920e-02
5.852213553459992545e+04 1.795126500121691038e+01 1.170000000000000033e-02
5.852213663459992677e+04 1.793837773549444492e+01 1.140000000000000041e-02
5.852213773459992808e+04 1.795949046977289143e+01 1.179999999999999973e-02
5.852213883459992940e+04 1.790760320405042805e+01 1.140000000000000041e-02
5.852213994459992682e+04 1.793171696318569985e+01 1.269999999999999948e-02
5.852214104459992814e+04 1.793382969746323852e+01 1.179999999999999973e-02
5.852214214459992945e+04 1.797994243174168361e+01 1.200000000000000025e-02
5.852214445459992567e+04 1.794817917372460059e+01 1.239999999999999956e-02
5.852214556459993037e+04 1.797729293285987495e+01 1.260000000000000009e-02
5.852214666459993168e+04 1.797740566713832067e+01 1.209999999999999964e-02
5.852214776459992572e+04 1.796251840141585632e+01 1.190000000000000085e-02
5.852214886459992704e+04 1.797263113569339410e+01 1.209999999999999964e-02
5.852214996459992835e+04 1.794274386997183868e+01 1.200000000000000025e-02
5.852215107459992578e+04 1.796185762910620198e+01 1.200000000000000025e-02
5.852215217459992709e+04 1.794097036338465045e+01 1.179999999999999973e-02
5.852215327459992841e+04 1.792408309766218721e+01 1.200000000000000025e-02
5.852215437459992972e+04 1.794819583194063028e+01 1.220000000000000077e-02
5.852215547459993104e+04 1.791730856621816770e+01 1.179999999999999973e-02
5.852215658459992846e+04 1.793442232535344161e+01 1.200000000000000025e-02
5.852215768459992978e+04 1.793453505963097783e+01 1.200000000000000025e-02
5.852215878459993110e+04 1.790264779390942351e+01 1.179999999999999973e-02
5.852215988459993241e+04 1.791876052818696152e+01 1.190000000000000085e-02
5.852216098459992645e+04 1.791587326246449763e+01 1.190000000000000085e-02
5.852216208459992777e+04 1.788798599674203160e+01 1.220000000000000077e-02
5.852216318459992908e+04 1.789309873102047987e+01 1.170000000000000033e-02
5.852216429459992651e+04 1.786821249015484270e+01 1.190000000000000085e-02
5.852216539459992782e+04 1.792932522443328835e+01 1.200000000000000025e-02
5.852216649459992914e+04 1.789543795871082565e+01 1.209999999999999964e-02
5.852216759459993045e+04 1.791855069298927106e+01 1.200000000000000025e-02
5.852216869459993177e+04 1.788366342726771663e+01 1.190000000000000085e-02
5.852216979459992581e+04 1.786777616154434511e+01 1.200000000000000025e-02
5.852217090459993051e+04 1.790188992067961848e+01 1.269999999999999948e-02
5.852217200459993182e+04 1.790100265495806298e+01 1.220000000000000077e-02
5.852217310459992586e+04 1.790811538923560065e+01 1.190000000000000085e-02
5.852217420459992718e+04 1.791822812351313488e+01 1.220000000000000077e-02
5.852217530459992850e+04 1.790434085779158124e+01 1.239999999999999956e-02
5.852217640459992981e+04 1.791545359206911670e+01 1.260000000000000009e-02
5.852471067654363287e+04 1.819225738669648607e+01 7.199999999999999803e-03
5.852471221654363035e+04 1.813909332218203474e+01 6.799999999999999621e-03
5.852471375654362782e+04 1.807692925766758663e+01 7.799999999999999642e-03
5.852471529654363258e+04 1.794776519312403096e+01 7.199999999999999803e-03
5.852471683654363005e+04 1.792160112860958066e+01 8.200000000000000691e-03
5.852471837654362753e+04 1.782343706409513118e+01 8.500000000000000611e-03
5.852471991654363228e+04 1.788727299958067718e+01 8.200000000000000691e-03
5.852472145654362976e+04 1.788510893506622779e+01 7.199999999999999803e-03
5.852472299654362723e+04 1.793994487055177700e+01 6.499999999999999702e-03
5.852472453654363198e+04 1.791278080600822165e+01 6.400000000000000307e-03
5.852472607654362946e+04 1.796361674149377308e+01 6.400000000000000307e-03
5.852472761654363421e+04 1.803145267695021658e+01 5.499999999999999681e-03
5.852472915654363169e+04 1.803928861243576520e+01 5.499999999999999681e-03
5.852473069654362916e+04 1.811112454795042126e+01 5.499999999999999681e-03
5.852473222654363053e+04 1.801100050978847733e+01 6.400000000000000307e-03
5.852473376654362801e+04 1.791483644530313057e+01 7.100000000000000408e-03
5.852473530654363276e+04 1.786167238075957542e+01 5.799999999999999600e-03
5.852473684654363024e+04 1.798350831624512480e+01 5.599999999999999943e-03
5.852473838654362771e+04 1.803434425173067268e+01 5.499999999999999681e-03
5.852473992654363246e+04 1.802018018718711900e+01 5.499999999999999681e-03
5.852474146654362994e+04 1.803501612267266907e+01 5.400000000000000286e-03
5.852474452654363267e+04 1.833176804640699231e+01 5.799999999999999600e-03
5.852474606654363015e+04 1.818560398189254101e+01 5.599999999999999943e-03
5.852474760654362763e+04 1.809643991740719215e+01 5.300000000000000024e-03
5.852474914654363238e+04 1.792227585286363833e+01 5.499999999999999681e-03
5.852475068654362985e+04 1.796811178834918721e+01 5.799999999999999600e-03
5.852475222654362733e+04 1.792794772383473756e+01 6.400000000000000307e-03
5.852475376654363208e+04 1.786878365929118218e+01 5.400000000000000286e-03
5.852475530654362956e+04 1.795461959477673375e+01 5.300000000000000024e-03
5.852475684654362703e+04 1.806845553026228046e+01 5.199999999999999761e-03
5.852475838654363179e+04 1.799529146574782956e+01 4.899999999999999842e-03
5.852475992654362926e+04 1.795812740123338003e+01 4.799999999999999580e-03
5.852476146654363401e+04 1.789996333668982587e+01 5.300000000000000024e-03
5.852476300654363149e+04 1.785879927217537499e+01 5.000000000000000104e-03
5.852476454654362897e+04 1.783463520766092358e+01 4.799999999999999580e-03
5.852476608654363372e+04 1.788047114311736863e+01 4.799999999999999580e-03
5.852476762654363120e+04 1.783730707860291886e+01 4.799999999999999580e-03
5.852477146654362878e+04 1.785893694372750673e+01 4.899999999999999842e-03
5.852477300654363353e+04 1.780177287918395379e+01 5.100000000000000366e-03
5.852477454654363100e+04 1.773460881466950312e+01 5.000000000000000104e-03
5.852477608654362848e+04 1.780144475015505279e+01 5.100000000000000366e-03
5.852477762654363323e+04 1.778028068561149766e+01 6.000000000000000125e-03
5.852477916654363071e+04 1.784111662109704710e+01 5.300000000000000024e-03
5.852478070654362818e+04 1.782195255658259470e+01 5.199999999999999761e-03
5.852478224654363294e+04 1.779978849206814573e+01 5.300000000000000024e-03
5.852478378654363041e+04 1.777162442755369298e+01 5.000000000000000104e-03
5.852478532654362789e+04 1.781046036303924396e+01 5.100000000000000366e-03
5.852478686654363264e+04 1.777629629849568715e+01 5.199999999999999761e-03
5.852478840654363012e+04 1.783613223398123893e+01 4.799999999999999580e-03
5.852478994654362759e+04 1.788296816946678902e+01 5.199999999999999761e-03
5.852479148654363235e+04 1.787480410492323202e+01 5.499999999999999681e-03
5.852479302654362982e+04 1.780264004040878234e+01 5.000000000000000104e-03
5.852479456654362730e+04 1.787747597592343496e+01 5.700000000000000205e-03
5.852479610654363205e+04 1.785631191137987983e+01 5.300000000000000024e-03
5.852479764654362953e+04 1.788014784686543024e+01 5.799999999999999600e-03
5.852479918654362700e+04 1.787798378235098085e+01 5.700000000000000205e-03
5.852480072654363175e+04 1.792681971780742600e+01 5.799999999999999600e-03
5.852480242654363246e+04 1.786201523101256328e+01 5.400000000000000286e-03
5.852480395654363383e+04 1.786389119287972349e+01 5.499999999999999681e-03
5.852480550654362742e+04 1.812168710198366028e+01 5.599999999999999943e-03
5.852480703654362878e+04 1.795156306385081990e+01 5.700000000000000205e-03
5.852480857654363354e+04 1.804039899930726776e+01 5.700000000000000205e-03
5.852481011654363101e+04 1.797023493479281697e+01 5.599999999999999943e-03
5.852481166654363187e+04 1.792003084386765011e+01 5.599999999999999943e-03
5.852481319654363324e+04 1.791990680573481143e+01 5.400000000000000286e-03
5.852481473654363072e+04 1.780774274124946288e+01 5.599999999999999943e-03
5.852481627654362819e+04 1.782857867673501318e+01 6.100000000000000387e-03
5.852481781654363294e+04 1.776841461219146012e+01 5.300000000000000024e-03
5.852481935654363042e+04 1.789325054767700607e+01 6.100000000000000387e-03
5.852482089654362790e+04 1.790308648316255713e+01 5.599999999999999943e-03
5.852482243654363265e+04 1.783592241861900263e+01 5.499999999999999681e-03
5.852482397654363012e+04 1.785475835410455048e+01 5.700000000000000205e-03
5.852482551654362760e+04 1.795559428961920645e+01 5.799999999999999600e-03
5.852482705654363235e+04 1.796343022507565124e+01 5.700000000000000205e-03
5.852482859654362983e+04 1.786526616056119821e+01 5.499999999999999681e-03
5.852483013654362730e+04 1.793810209604674810e+01 5.700000000000000205e-03
5.852483167654363206e+04 1.803093803150319374e+01 6.000000000000000125e-03
5.852484338654363091e+04 1.835606712530619333e+01 8.600000000000000006e-03
5.852484492654362839e+04 1.829190306082084660e+01 6.899999999999999883e-03
5.852484646654363314e+04 1.814273899627729136e+01 6.499999999999999702e-03
5.852484800654363062e+04 1.825157493176284262e+01 7.100000000000000408e-03
5.852484954654362809e+04 1.832941086724839153e+01 8.300000000000000086e-03
5.852485108654363285e+04 1.812724680270483546e+01 6.700000000000000226e-03
5.852485262654363032e+04 1.802208273819038453e+01 6.300000000000000044e-03
5.852485416654362780e+04 1.829991867367593628e+01 7.599999999999999985e-03
5.852485570654363255e+04 1.798275460916148560e+01 6.400000000000000307e-03
5.852485724654363003e+04 1.797959054464703499e+01 6.199999999999999782e-03
5.852485878654362750e+04 1.805442648013258378e+01 6.700000000000000226e-03
5.852486032654363225e+04 1.810326241558902893e+01 8.399999999999999481e-03
5.852486186654362973e+04 1.800609835107457712e+01 6.700000000000000226e-03
5.852486340654362721e+04 1.797193428656012770e+01 6.899999999999999883e-03
5.852486494654363196e+04 1.785177022201657238e+01 7.199999999999999803e-03
5.852486648654362943e+04 1.782960615750211986e+01 9.900000000000000813e-03
5.852486802654363419e+04 1.776644209298767052e+01 1.220000000000000077e-02
5.852486956654363166e+04 1.775727802847321968e+01 1.490000000000000005e-02
