5.852471067654363287e+04 1.819225738669648607e+01 7.199999999999999803e-03
5.852471221654363035e+04 1.813909332218203474e+01 6.799999999999999621e-03
5.852471375654362782e+04 1.807692925766758663e+01 7.799999999999999642e-03
5.852471529654363258e+04 1.794776519312403096e+01 7.199999999999999803e-03
5.852471683654363005e+04 1.792160112860958066e+01 8.200000000000000691e-03
5.852471837654362753e+04 1.782343706409513118e+01 8.500000000000000611e-03
5.852471991654363228e+04 1.788727299958067718e+01 8.200000000000000691e-03
5.852472145654362976e+04 1.788510893506622779e+01 7.199999999999999803e-03
5.852472299654362723e+04 1.793994487055177700e+01 6.499999999999999702e-03
5.852472453654363198e+04 1.791278080600822165e+01 6.400000000000000307e-03
5.852472607654362946e+04 1.796361674149377308e+01 6.400000000000000307e-03
5.852472761654363421e+04 1.803145267695021658e+01 5.499999999999999681e-03
5.852472915654363169e+04 1.803928861243576520e+01 5.499999999999999681e-03
5.852473069654362916e+04 1.811112454795042126e+01 5.499999999999999681e-03
5.852473222654363053e+04 1.801100050978847733e+01 6.400000000000000307e-03
5.852473376654362801e+04 1.791483644530313057e+01 7.100000000000000408e-03
5.852473530654363276e+04 1.786167238075957542e+01 5.799999999999999600e-03
5.852473684654363024e+04 1.798350831624512480e+01 5.599999999999999943e-03
5.852473838654362771e+04 1.803434425173067268e+01 5.499999999999999681e-03
5.852473992654363246e+04 1.802018018718711900e+01 5.499999999999999681e-03
5.852474146654362994e+04 1.803501612267266907e+01 5.400000000000000286e-03
5.852474452654363267e+04 1.833176804640699231e+01 5.799999999999999600e-03
5.852474606654363015e+04 1.818560398189254101e+01 5.599999999999999943e-03
5.852474760654362763e+04 1.809643991740719215e+01 5.300000000000000024e-03
5.852474914654363238e+04 1.792227585286363833e+01 5.499999999999999681e-03
5.852475068654362985e+04 1.796811178834918721e+01 5.799999999999999600e-03
5.852475222654362733e+04 1.792794772383473756e+01 6.400000000000000307e-03
5.852475376654363208e+04 1.786878365929118218e+01 5.400000000000000286e-03
5.852475530654362956e+04 1.795461959477673375e+01 5.300000000000000024e-03
5.852475684654362703e+04 1.806845553026228046e+01 5.199999999999999761e-03
5.852475838654363179e+04 1.799529146574782956e+01 4.899999999999999842e-03
5.852475992654362926e+04 1.795812740123338003e+01 4.799999999999999580e-03
5.852476146654363401e+04 1.789996333668982587e+01 5.300000000000000024e-03
5.852476300654363149e+04 1.785879927217537499e+01 5.000000000000000104e-03
5.852476454654362897e+04 1.783463520766092358e+01 4.799999999999999580e-03
5.852476608654363372e+04 1.788047114311736863e+01 4.799999999999999580e-03
5.852476762654363120e+04 1.783730707860291886e+01 4.799999999999999580e-03
5.852477146654362878e+04 1.785893694372750673e+01 4.899999999999999842e-03
5.852477300654363353e+04 1.780177287918395379e+01 5.100000000000000366e-03
5.852477454654363100e+04 1.773460881466950312e+01 5.000000000000000104e-03
5.852477608654362848e+04 1.780144475015505279e+01 5.100000000000000366e-03
5.852477762654363323e+04 1.778028068561149766e+01 6.000000000000000125e-03
5.852477916654363071e+04 1.784111662109704710e+01 5.300000000000000024e-03
5.852478070654362818e+04 1.782195255658259470e+01 5.199999999999999761e-03
5.852478224654363294e+04 1.779978849206814573e+01 5.300000000000000024e-03
5.852478378654363041e+04 1.777162442755369298e+01 5.000000000000000104e-03
5.852478532654362789e+04 1.781046036303924396e+01 5.100000000000000366e-03
5.852478686654363264e+04 1.777629629849568715e+01 5.199999999999999761e-03
5.852478840654363012e+04 1.783613223398123893e+01 4.799999999999999580e-03
5.852478994654362759e+04 1.788296816946678902e+01 5.199999999999999761e-03
5.852479148654363235e+04 1.787480410492323202e+01 5.499999999999999681e-03
5.852479302654362982e+04 1.780264004040878234e+01 5.000000000000000104e-03
5.852479456654362730e+04 1.787747597592343496e+01 5.700000000000000205e-03
5.852479610654363205e+04 1.785631191137987983e+01 5.300000000000000024e-03
5.852479764654362953e+04 1.788014784686543024e+01 5.799999999999999600e-03
5.852479918654362700e+04 1.787798378235098085e+01 5.700000000000000205e-03
5.852480072654363175e+04 1.792681971780742600e+01 5.799999999999999600e-03
5.852480242654363246e+04 1.786201523101256328e+01 5.400000000000000286e-03
5.852480395654363383e+04 1.786389119287972349e+01 5.499999999999999681e-03
5.852480550654362742e+04 1.812168710198366028e+01 5.599999999999999943e-03
5.852480703654362878e+04 1.795156306385081990e+01 5.700000000000000205e-03
5.852480857654363354e+04 1.804039899930726776e+01 5.700000000000000205e-03
5.852481011654363101e+04 1.797023493479281697e+01 5.599999999999999943e-03
5.852481166654363187e+04 1.792003084386765011e+01 5.599999999999999943e-03
5.852481319654363324e+04 1.791990680573481143e+01 5.400000000000000286e-03
5.852481473654363072e+04 1.780774274124946288e+01 5.599999999999999943e-03
5.852481627654362819e+04 1.782857867673501318e+01 6.100000000000000387e-03
5.852481781654363294e+04 1.776841461219146012e+01 5.300000000000000024e-03
5.852481935654363042e+04 1.789325054767700607e+01 6.100000000000000387e-03
5.852482089654362790e+04 1.790308648316255713e+01 5.599999999999999943e-03
5.852482243654363265e+04 1.783592241861900263e+01 5.499999999999999681e-03
5.852482397654363012e+04 1.785475835410455048e+01 5.700000000000000205e-03
5.852482551654362760e+04 1.795559428961920645e+01 5.799999999999999600e-03
5.852482705654363235e+04 1.796343022507565124e+01 5.700000000000000205e-03
5.852482859654362983e+04 1.786526616056119821e+01 5.499999999999999681e-03
5.852483013654362730e+04 1.793810209604674810e+01 5.700000000000000205e-03
5.852483167654363206e+04 1.803093803150319374e+01 6.000000000000000125e-03
5.852484338654363091e+04 1.835606712530619333e+01 8.600000000000000006e-03
5.852484492654362839e+04 1.829190306082084660e+01 6.899999999999999883e-03
5.852484646654363314e+04 1.814273899627729136e+01 6.499999999999999702e-03
5.852484800654363062e+04 1.825157493176284262e+01 7.100000000000000408e-03
5.852484954654362809e+04 1.832941086724839153e+01 8.300000000000000086e-03
5.852485108654363285e+04 1.812724680270483546e+01 6.700000000000000226e-03
5.852485262654363032e+04 1.802208273819038453e+01 6.300000000000000044e-03
5.852485416654362780e+04 1.829991867367593628e+01 7.599999999999999985e-03
5.852485570654363255e+04 1.798275460916148560e+01 6.400000000000000307e-03
5.852485724654363003e+04 1.797959054464703499e+01 6.199999999999999782e-03
5.852485878654362750e+04 1.805442648013258378e+01 6.700000000000000226e-03
5.852486032654363225e+04 1.810326241558902893e+01 8.399999999999999481e-03
5.852486186654362973e+04 1.800609835107457712e+01 6.700000000000000226e-03
5.852486340654362721e+04 1.797193428656012770e+01 6.899999999999999883e-03
5.852486494654363196e+04 1.785177022201657238e+01 7.199999999999999803e-03
5.852486648654362943e+04 1.782960615750211986e+01 9.900000000000000813e-03
5.852486802654363419e+04 1.776644209298767052e+01 1.220000000000000077e-02
5.852486956654363166e+04 1.775727802847321968e+01 1.490000000000000005e-02
