2.449627490495278500e+06,1.033556128527453044e+00,2.641291974220226664e-03
2.449627514802108519e+06,1.001828102728358205e+00,2.641291974220226664e-03
2.449627534942052793e+06,9.910619342089196371e-01,2.641291974220226664e-03
2.449627560290604830e+06,9.708557358865743669e-01,2.641291974220226664e-03
2.449627591542243492e+06,1.038755783163626489e+00,2.641291974220226664e-03
2.449627610640466679e+06,9.514985826662321067e-01,2.641291974220226664e-03
2.449627630085930228e+06,1.005405491868958334e+00,2.641291974220226664e-03
2.449627661684809718e+06,1.011901956553298509e+00,2.641291974220226664e-03
2.449627688075081911e+06,9.931457175353276545e-01,2.641291974220226664e-03
2.449627705437103286e+06,9.753157383327626384e-01,2.641291974220226664e-03
2.449627730091173667e+06,1.027611028518181202e+00,2.641291974220226664e-03
2.449627747800436802e+06,1.013760045263743415e+00,2.641291974220226664e-03
2.449627765162458178e+06,9.483395304831786499e-01,2.641291974220226664e-03
2.449627787733085454e+06,1.030575868187488364e+00,2.641291974220226664e-03
2.449627795372375753e+06,1.027011336023060162e+00,2.641291974220226664e-03
2.449630490652790759e+06,1.033824036954881898e+00,2.641291974220226664e-03
2.449630507667574566e+06,1.027059367679166391e+00,2.641291974220226664e-03
2.449630521557192784e+06,1.004317412992753678e+00,2.641291974220226664e-03
2.449630544475063682e+06,9.841772025551412950e-01,2.641291974220226664e-03
2.449630559059163090e+06,9.759886263159940345e-01,2.641291974220226664e-03
2.449630569823616650e+06,9.890649555485747646e-01,2.641291974220226664e-03
2.449630601075260434e+06,1.005751355407833003e+00,2.641291974220226664e-03
2.449630620173485018e+06,9.537040622151958802e-01,2.641291974220226664e-03
2.449630641702394933e+06,1.033704608102434142e+00,2.641291974220226664e-03
2.449630652466849424e+06,1.024661655509766289e+00,2.641291974220226664e-03
2.449630669481632300e+06,1.002381668787068136e+00,2.641291974220226664e-03
2.449630691010541748e+06,9.856687924153105795e-01,2.641291974220226664e-03
2.449630703858438879e+06,9.774134178903814973e-01,2.641291974220226664e-03
2.449630727470790502e+06,1.009196238601397733e+00,2.641291974220226664e-03
2.449630744138333015e+06,1.044201163624114415e+00,2.641291974220226664e-03
2.449633490810394287e+06,1.024255705948854400e+00,2.641291974220226664e-03
2.449633507477936335e+06,1.033603649169607674e+00,2.641291974220226664e-03
2.449633541160258930e+06,9.913047490948073692e-01,2.641291974220226664e-03
2.449633561647444963e+06,9.724028696339036548e-01,2.641291974220226664e-03
2.449633575189822353e+06,9.909852823087179630e-01,2.641291974220226664e-03
2.449633601927336771e+06,1.021597428987858658e+00,2.641291974220226664e-03
2.449633614080752712e+06,9.573476436242599474e-01,2.641291974220226664e-03
2.449633636304140091e+06,1.004957281773999789e+00,2.641291974220226664e-03
2.449633643596190494e+06,1.029038607954892770e+00,2.641291974220226664e-03
2.449633655402365141e+06,1.028451515177701614e+00,2.641291974220226664e-03
2.449633677625752985e+06,1.001566800728580287e+00,2.641291974220226664e-03
2.449633703321545850e+06,9.787342930051788903e-01,2.641291974220226664e-03
2.449633725544934161e+06,9.892595030636417430e-01,2.641291974220226664e-03
2.449633745337639935e+06,1.044547727435421347e+00,2.641291974220226664e-03
2.449633764088624157e+06,9.550473078256491721e-01,2.641291974220226664e-03
2.449636490620278753e+06,1.013459446203421210e+00,2.641291974220226664e-03
2.449636506593334489e+06,1.034337809745377923e+00,2.641291974220226664e-03
2.449636524302592967e+06,1.004252409705034044e+00,2.641291974220226664e-03
2.449636552429061383e+06,9.851853340160710015e-01,2.641291974220226664e-03
2.449636575694166124e+06,9.856944348083236385e-01,2.641291974220226664e-03
2.449636584027934819e+06,1.005517791351568269e+00,2.641291974220226664e-03
2.449636607293038163e+06,1.009107301569254211e+00,2.641291974220226664e-03
2.449636625349536072e+06,9.463546227624205498e-01,2.641291974220226664e-03
2.449636641669832636e+06,1.016162650533253942e+00,2.641291974220226664e-03
2.449636666671138722e+06,1.020773054736209273e+00,2.641291974220226664e-03
2.449636694450366776e+06,1.000349412725120901e+00,2.641291974220226664e-03
2.449636721882354468e+06,9.784461413368054084e-01,2.641291974220226664e-03
2.449636736813689582e+06,1.017705820631582103e+00,2.641291974220226664e-03
2.449636755564667750e+06,1.018872183420866717e+00,2.641291974220226664e-03
2.449636778829772025e+06,9.583133088238717789e-01,2.641291974220226664e-03
2.449639490776372608e+06,1.001706354770206087e+00,2.641291974220226664e-03
2.449639508138383273e+06,1.033316193575658071e+00,2.641291974220226664e-03
2.449639527583835181e+06,1.010239799034958086e+00,2.641291974220226664e-03
2.449639540778962430e+06,9.967717915765016423e-01,2.641291974220226664e-03
2.449639553279609885e+06,9.879660959023756073e-01,2.641291974220226664e-03
2.449639580017105211e+06,9.884245081598177496e-01,2.641291974220226664e-03
2.449639610227003228e+06,1.004643954102296233e+00,2.641291974220226664e-03
2.449639630366934463e+06,9.504159380080047237e-01,2.641291974220226664e-03
2.449639658146150876e+06,1.030992314032369350e+00,2.641291974220226664e-03
2.449639681758483872e+06,1.008151840019522183e+00,2.641291974220226664e-03
2.449639698078772984e+06,9.915622231074283643e-01,2.641291974220226664e-03
2.449639721343866084e+06,9.756008552792001520e-01,2.641291974220226664e-03
2.449639752942724153e+06,1.039649102535170622e+00,2.641291974220226664e-03
2.449639773429895286e+06,9.578612231689535017e-01,2.641291974220226664e-03
2.449639805028752424e+06,1.033536124228110475e+00,2.641291974220226664e-03
2.449642490583657287e+06,9.842201322922603524e-01,2.641291974220226664e-03
2.449642517321136780e+06,1.025312138703199150e+00,2.641291974220226664e-03
2.449642538502776064e+06,9.875769062272881094e-01,2.641291974220226664e-03
2.449642557253736071e+06,9.858594068684617406e-01,2.641291974220226664e-03
2.449642578782615718e+06,9.761082568467851495e-01,2.641291974220226664e-03
2.449642586074655410e+06,9.871424126915346875e-01,2.641291974220226664e-03
2.449642605172854383e+06,1.040073212230101962e+00,2.641291974220226664e-03
2.449642628437933046e+06,9.438393159383193787e-01,2.641291974220226664e-03
2.449642659689532593e+06,1.034620233660090038e+00,2.641291974220226664e-03
2.449642676704290789e+06,1.023442668014184154e+00,2.641291974220226664e-03
2.449642691982849501e+06,9.949659419264770266e-01,2.641291974220226664e-03
2.449642709344848525e+06,9.876599645763445290e-01,2.641291974220226664e-03
2.449642736776807345e+06,9.921783522900486929e-01,2.641291974220226664e-03
2.449642759694644716e+06,1.022479096951508959e+00,2.641291974220226664e-03
2.449642777056644205e+06,9.558600154010339356e-01,2.641291974220226664e-03
2.449645490736060310e+06,9.635744187732109278e-01,2.641291974220226664e-03
2.449645512264923193e+06,1.026341330057286561e+00,2.641291974220226664e-03
2.449645539696860127e+06,9.998362599771941639e-01,2.641291974220226664e-03
2.449645555669886526e+06,9.935502365348541920e-01,2.641291974220226664e-03
2.449645574420831166e+06,9.734616221686500648e-01,2.641291974220226664e-03
2.449645592477295548e+06,1.003324305322998322e+00,2.641291974220226664e-03
2.449645602894486394e+06,1.041022326847916180e+00,2.641291974220226664e-03
2.449645625812307000e+06,9.584419746918670935e-01,2.641291974220226664e-03
2.449645648730127607e+06,1.009801966126603778e+00,2.641291974220226664e-03
2.449645669564508833e+06,1.029797463004092695e+00,2.641291974220226664e-03
2.449645688662692904e+06,1.006644359633423358e+00,2.641291974220226664e-03
2.449645699774362147e+06,9.950853146823310791e-01,2.641291974220226664e-03
2.449645717483587563e+06,9.795569481142443191e-01,2.641291974220226664e-03
2.449645735887290910e+06,9.884111597864667642e-01,2.641291974220226664e-03
2.449645751165837049e+06,1.034459218126546176e+00,2.641291974220226664e-03
2.449648490538510494e+06,9.556083554433053573e-01,2.641291974220226664e-03
2.449648516928701662e+06,1.031654306484711903e+00,2.641291974220226664e-03
2.449648531512754504e+06,1.025637868441556355e+00,2.641291974220226664e-03
2.449648562069818377e+06,9.911668593833555807e-01,2.641291974220226664e-03
2.449648573181478307e+06,9.823205785136095436e-01,2.641291974220226664e-03
2.449648598182711750e+06,1.012289208782169991e+00,2.641291974220226664e-03
2.449648634295603726e+06,9.495990685474212656e-01,2.641291974220226664e-03
2.449648648185177706e+06,9.875559911775566579e-01,2.641291974220226664e-03
2.449648664852666203e+06,1.034612365621111030e+00,2.641291974220226664e-03
2.449648686381505802e+06,1.014258632778494151e+00,2.641291974220226664e-03
2.449648703743472230e+06,9.892176132292532786e-01,2.641291974220226664e-03
2.449648713813412935e+06,9.884921729152438274e-01,2.641291974220226664e-03
2.449648735342252068e+06,9.752648171835686108e-01,2.641291974220226664e-03
2.449648748537346721e+06,1.010147117683855900e+00,2.641291974220226664e-03
2.449648772844099905e+06,9.936840097155741347e-01,2.641291974220226664e-03
2.449651490684838034e+06,9.413627793931010901e-01,2.641291974220226664e-03
2.449651522283581086e+06,1.028779185221116332e+00,2.641291974220226664e-03
2.449651537562093232e+06,1.020878006383697523e+00,2.641291974220226664e-03
2.449651556312996428e+06,9.968470029593212711e-01,2.641291974220226664e-03
2.449651582703154068e+06,9.756924357559577654e-01,2.641291974220226664e-03
2.449651594856516458e+06,9.900677091361661519e-01,2.641291974220226664e-03
2.449651617427046411e+06,1.031038440394523192e+00,2.641291974220226664e-03
2.449651647289592773e+06,9.625164639581746950e-01,2.641291974220226664e-03
2.449651657012282405e+06,1.009021352630916635e+00,2.641291974220226664e-03
2.449651679235572927e+06,1.027145310519955279e+00,2.641291974220226664e-03
2.449651701806101017e+06,9.981351937301367050e-01,2.641291974220226664e-03
2.449651728196257725e+06,9.788193970837636426e-01,2.641291974220226664e-03
2.449651740349619649e+06,9.808072765273838645e-01,2.641291974220226664e-03
2.449651751808502711e+06,1.012982913120693551e+00,2.641291974220226664e-03
2.449651776462464128e+06,9.947152601350356393e-01,2.641291974220226664e-03
2.449654490827084519e+06,9.476473068685167256e-01,2.641291974220226664e-03
2.449654513397581410e+06,1.016440114351571333e+00,2.641291974220226664e-03
2.449654536315316800e+06,1.029320367523036017e+00,2.641291974220226664e-03
2.449654552635522094e+06,9.991446036280314802e-01,2.641291974220226664e-03
2.449654575206018519e+06,9.749816652186884536e-01,2.641291974220226664e-03
2.449654597776514478e+06,9.840561669574315884e-01,2.641291974220226664e-03
2.449654613749480806e+06,1.036801215978068180e+00,2.641291974220226664e-03
2.449654647431605496e+06,9.516166978514422059e-01,2.641291974220226664e-03
2.449654671738292091e+06,1.031954304616600648e+00,2.641291974220226664e-03
2.449654684238873888e+06,1.025471698773779528e+00,2.641291974220226664e-03
2.449654709587276448e+06,9.967337089107015657e-01,2.641291974220226664e-03
2.449654723824049812e+06,9.843368109675900701e-01,2.641291974220226664e-03
2.449654749866927508e+06,9.915574533871004403e-01,2.641291974220226664e-03
2.449654779034950770e+06,9.990999997314857772e-01,2.641291974220226664e-03
2.449654793966199737e+06,9.461927072018145868e-01,2.641291974220226664e-03
2.449657490617205855e+06,9.501521126750145374e-01,2.641291974220226664e-03
2.449657515965565108e+06,1.013506089593777526e+00,2.641291974220226664e-03
2.449657530896790791e+06,1.028675487530128718e+00,2.641291974220226664e-03
2.449657544091826770e+06,1.020686863277877610e+00,2.641291974220226664e-03
2.449657568398471456e+06,9.940940570695382394e-01,2.641291974220226664e-03
2.449657587496549822e+06,9.772843800038513162e-01,2.641291974220226664e-03
2.449657613539383281e+06,1.035502739472752509e+00,2.641291974220226664e-03
2.449657637498788536e+06,9.730058946877191417e-01,2.641291974220226664e-03
2.449657657985817641e+06,9.826578766610781779e-01,2.641291974220226664e-03
2.449657672917041462e+06,1.033675756691933234e+00,2.641291974220226664e-03
2.449657682986936998e+06,1.027519153792361140e+00,2.641291974220226664e-03
2.449657700696062297e+06,1.003739718022773619e+00,2.641291974220226664e-03
2.449657727780607529e+06,9.818813497176525074e-01,2.641291974220226664e-03
2.449657750003823545e+06,9.804586923135584220e-01,2.641291974220226664e-03
2.449657762157144025e+06,1.025615550255771335e+00,2.641291974220226664e-03
2.449660490748771466e+06,9.733946483171315167e-01,2.641291974220226664e-03
2.449660515402603429e+06,1.009974960418196011e+00,2.641291974220226664e-03
2.449660544223280158e+06,1.028976510648476284e+00,2.641291974220226664e-03
2.449660571655007079e+06,9.993202915317097590e-01,2.641291974220226664e-03
2.449660597003312316e+06,9.791717023049534285e-01,2.641291974220226664e-03
2.449660615754112601e+06,1.023456746054402400e+00,2.641291974220226664e-03
2.449660641796890181e+06,9.696573268413415381e-01,2.641291974220226664e-03
2.449660657075320370e+06,9.630900800498193304e-01,2.641291974220226664e-03
2.449660676520593464e+06,1.029984622015829299e+00,2.641291974220226664e-03
2.449660693882445339e+06,1.033391988374804393e+00,2.641291974220226664e-03
2.449660715411140583e+06,1.002307067844417476e+00,2.641291974220226664e-03
2.449660752218264155e+06,9.837601033660231531e-01,2.641291974220226664e-03
2.449660760204715189e+06,1.004796361664378690e+00,2.641291974220226664e-03
2.449660785553015769e+06,1.009934562821237947e+00,2.641291974220226664e-03
2.449660795275652315e+06,9.537433618798674129e-01,2.641291974220226664e-03
2.449663490526313428e+06,9.931656230424312781e-01,2.641291974220226664e-03
2.449663518999684136e+06,1.004695693742773788e+00,2.641291974220226664e-03
2.449663540181093384e+06,1.028138312887596495e+00,2.641291974220226664e-03
2.449663553723305464e+06,1.022668159328145920e+00,2.641291974220226664e-03
2.449663569696170744e+06,1.000626832661367205e+00,2.641291974220226664e-03
2.449663595044414513e+06,9.821600273279927906e-01,2.641291974220226664e-03
2.449663611017279793e+06,9.869363672194327863e-01,2.641291974220226664e-03
2.449663633240396157e+06,1.024599125569557234e+00,2.641291974220226664e-03
2.449663654421803076e+06,9.413812990407958159e-01,2.641291974220226664e-03
2.449663670741903596e+06,1.009916445927701467e+00,2.641291974220226664e-03
2.449663706507228781e+06,1.008869897778984281e+00,2.641291974220226664e-03
2.449663731508233119e+06,9.856891814993664624e-01,2.641291974220226664e-03
2.449663738452956080e+06,9.800487992528462700e-01,2.641291974220226664e-03
2.449663760676070116e+06,9.868834917779607530e-01,2.641291974220226664e-03
2.449663776648932602e+06,1.044630560764148619e+00,2.641291974220226664e-03
2.449666490643264260e+06,1.009440427957721376e+00,2.641291974220226664e-03
2.449666505921615753e+06,9.362912921303454539e-01,2.641291974220226664e-03
2.449666526061261073e+06,1.013814883137509337e+00,2.641291974220226664e-03
2.449666550367727410e+06,1.028560635396410516e+00,2.641291974220226664e-03
2.449666577104840428e+06,9.996770022917472742e-01,2.641291974220226664e-03
2.449666589605309069e+06,9.861801657169596558e-01,2.641291974220226664e-03
2.449666608356011566e+06,9.747901967986694061e-01,2.641291974220226664e-03
2.449666625717772637e+06,1.029374503521468087e+00,2.641291974220226664e-03
2.449666642037827522e+06,9.975378804821860568e-01,2.641291974220226664e-03
2.449666675025172066e+06,1.011899489833014254e+00,2.641291974220226664e-03
2.449666698637165129e+06,1.030317370756333339e+00,2.641291974220226664e-03
2.449666710790396668e+06,1.009541184654834556e+00,2.641291974220226664e-03
2.449666738221977372e+06,9.836794788857320393e-01,2.641291974220226664e-03
2.449666773639964871e+06,1.026920254812297983e+00,2.641291974220226664e-03
2.449666801766012330e+06,9.572309450746951942e-01,2.641291974220226664e-03
2.449669490751287900e+06,1.025936310870850354e+00,2.641291974220226664e-03
2.449669508112995420e+06,9.387489435930113091e-01,2.641291974220226664e-03
2.449669537627897691e+06,1.029782961558860510e+00,2.641291974220226664e-03
2.449669553600668907e+06,1.026771485823312346e+00,2.641291974220226664e-03
2.449669577559823636e+06,1.004514343076484462e+00,2.641291974220226664e-03
2.449669603949616663e+06,9.757241261650062558e-01,2.641291974220226664e-03
2.449669618186216336e+06,9.897482855878021457e-01,2.641291974220226664e-03
2.449669638673028909e+06,1.038908976197825407e+00,2.641291974220226664e-03
2.449669636936858296e+06,1.043646647169863995e+00,2.641291974220226664e-03
2.449669650826222729e+06,9.820390710503776877e-01,2.641291974220226664e-03
2.449669669924097601e+06,9.679357301367467192e-01,2.641291974220226664e-03
2.449669682077290956e+06,1.020107164730601479e+00,2.641291974220226664e-03
2.449669714022825938e+06,1.012589760017478913e+00,2.641291974220226664e-03
2.449669725134316366e+06,1.004233185763592218e+00,2.641291974220226664e-03
2.449669742843254469e+06,9.877200792759971426e-01,2.641291974220226664e-03
2.449672490501946770e+06,1.037122706756882895e+00,2.641291974220226664e-03
2.449672497793837450e+06,1.019515988982957255e+00,2.641291974220226664e-03
2.449672517586113419e+06,9.475936550056199836e-01,2.641291974220226664e-03
2.449672542586882133e+06,1.030684482456001305e+00,2.641291974220226664e-03
2.449672565504252911e+06,1.018986736836552165e+00,2.641291974220226664e-03
2.449672581824198831e+06,1.004764040354116039e+00,2.641291974220226664e-03
2.449672601269238628e+06,9.903182338568328191e-01,2.641291974220226664e-03
2.449672618630881887e+06,9.839086541583008660e-01,2.641291974220226664e-03
2.449672635645292234e+06,1.040742836628455903e+00,2.641291974220226664e-03
2.449672662382221315e+06,9.334763188333653483e-01,2.641291974220226664e-03
2.449672685646820813e+06,1.020033094568699061e+00,2.641291974220226664e-03
2.449672701619530097e+06,1.029045373159547694e+00,2.641291974220226664e-03
2.449672728703690227e+06,1.004108343447066343e+00,2.641291974220226664e-03
2.449672751621055882e+06,9.811047605818234985e-01,2.641291974220226664e-03
2.449672778010747861e+06,1.020688920817109491e+00,2.641291974220226664e-03
2.449675490588356741e+06,1.044923657424044805e+00,2.641291974220226664e-03
2.449675511422246695e+06,9.500337349546167376e-01,2.641291974220226664e-03
2.449675526005969383e+06,9.617635914048251466e-01,2.641291974220226664e-03
2.449675547534321435e+06,1.026595034478789525e+00,2.641291974220226664e-03
2.449675563506969251e+06,1.023727884283782696e+00,2.641291974220226664e-03
2.449675591285485774e+06,1.003087632894264614e+00,2.641291974220226664e-03
2.449675611077677459e+06,9.797435871709816446e-01,2.641291974220226664e-03
2.449675626008629799e+06,9.915307864596789589e-01,2.641291974220226664e-03
2.449675644759126473e+06,1.036964341997973937e+00,2.641291974220226664e-03
2.449675668370863888e+06,9.439719945951047242e-01,2.641291974220226664e-03
2.449675685385202989e+06,1.005267413174488533e+00,2.641291974220226664e-03
2.449675700316152070e+06,1.027843791326936040e+00,2.641291974220226664e-03
2.449675722886192612e+06,1.013376278601038960e+00,2.641291974220226664e-03
2.449675745456232689e+06,9.926531996888314779e-01,2.641291974220226664e-03
2.449675762817801442e+06,9.712067020025901831e-01,2.641291974220226664e-03
2.449678490661754273e+06,1.043829791145312047e+00,2.641291974220226664e-03
2.449678513231697027e+06,9.714225858674712111e-01,2.641291974220226664e-03
2.449678523995824158e+06,9.447344890502490378e-01,2.641291974220226664e-03
2.449678535107180011e+06,9.815896565134120122e-01,2.641291974220226664e-03
2.449678550732524134e+06,1.018062166155358161e+00,2.641291974220226664e-03
2.449678570177395828e+06,1.021777113306217011e+00,2.641291974220226664e-03
2.449678593094565906e+06,9.974455307220172484e-01,2.641291974220226664e-03
2.449678624345250893e+06,9.741914846100270253e-01,2.641291974220226664e-03
2.449678651081946213e+06,1.022270014721191389e+00,2.641291974220226664e-03
2.449678670874045230e+06,9.348599882877892675e-01,2.641291974220226664e-03
2.449678691360603087e+06,1.012116274818138706e+00,2.641291974220226664e-03
2.449678705249794759e+06,1.014112571019713860e+00,2.641291974220226664e-03
2.449678726083580405e+06,1.015364862008090840e+00,2.641291974220226664e-03
2.449678744833987206e+06,9.966879162217479049e-01,2.641291974220226664e-03
2.449678767751150765e+06,9.670913506571207074e-01,2.641291974220226664e-03
2.449681490720400121e+06,1.028841559025651664e+00,2.641291974220226664e-03
2.449681506345664151e+06,1.025237644932608161e+00,2.641291974220226664e-03
2.449681533082224894e+06,9.657002578588781416e-01,2.641291974220226664e-03
2.449681555304819718e+06,1.023665399830271605e+00,2.641291974220226664e-03
2.449681591069307644e+06,1.014537548267187006e+00,2.641291974220226664e-03
2.449681606347340159e+06,9.867801466307764002e-01,2.641291974220226664e-03
2.449681621278144419e+06,9.702518446182047951e-01,2.641291974220226664e-03
2.449681637945088092e+06,1.019179588830359418e+00,2.641291974220226664e-03
2.449681644195192028e+06,1.045952581100958678e+00,2.641291974220226664e-03
2.449681661209362559e+06,1.000664003626902332e+00,2.641291974220226664e-03
2.449681676834621001e+06,9.359532370312458882e-01,2.641291974220226664e-03
2.449681698709981982e+06,1.014167230454643631e+00,2.641291974220226664e-03
2.449681721974254120e+06,1.027781988809248537e+00,2.641291974220226664e-03
2.449681756002590526e+06,9.859478528580077894e-01,2.641291974220226664e-03
2.449681783433595207e+06,9.955304291190686383e-01,2.641291974220226664e-03
2.449684490762346890e+06,1.014004582963257128e+00,2.641291974220226664e-03
2.449684505345839541e+06,1.046846128505100282e+00,2.641291974220226664e-03
2.449684529651660472e+06,9.352865961091866298e-01,2.641291974220226664e-03
2.449684541110117920e+06,9.789898657752583722e-01,2.641291974220226664e-03
2.449684574791038409e+06,1.031732553592571655e+00,2.641291974220226664e-03
2.449684603610792663e+06,9.951013974741916845e-01,2.641291974220226664e-03
2.449684621319315862e+06,9.761094125341762684e-01,2.641291974220226664e-03
2.449684630347189493e+06,9.723664437518554360e-01,2.641291974220226664e-03
2.449684660555844661e+06,1.033551625149794040e+00,2.641291974220226664e-03
2.449684680694947019e+06,9.393756194709970142e-01,2.641291974220226664e-03
2.449684709861920681e+06,1.017012335881162910e+00,2.641291974220226664e-03
2.449684719584244769e+06,1.020539739649085842e+00,2.641291974220226664e-03
2.449684736251086462e+06,1.025721622663076982e+00,2.641291974220226664e-03
2.449684757431862410e+06,9.860488424819151554e-01,2.641291974220226664e-03
2.449684778265412431e+06,9.754144878571342492e-01,2.641291974220226664e-03
