#date MJD UTC            mag                      mag_unc
5.346325292758825526e+04 1.788829920350000080e+01 5.040812999999999891e-03
5.346325727944014943e+04 1.789949920349999957e+01 4.872350200000000187e-03
5.346326131879194872e+04 1.791149920350000002e+01 5.194207900000000037e-03
5.346327355258825264e+04 1.792869920349999902e+01 4.872350200000000187e-03
5.346328012666235009e+04 1.785879920349999850e+01 5.213424599999999694e-03
5.346328432805125340e+04 1.783590076599999819e+01 1.894695816715512987e-02
5.346328767295864964e+04 1.781900076599999849e+01 1.891314951221074667e-02
5.346329084425495239e+04 1.775580076600000012e+01 1.897332927095390920e-02
5.346329450166234892e+04 1.778860076599999829e+01 1.897754526695621599e-02
5.346329768453265569e+04 1.772040076599999736e+01 1.900492631493870196e-02
5.346330098314385395e+04 1.768350076599999809e+01 2.114680173189376067e-02
5.346330761508825526e+04 1.766480076599999904e+01 1.989063155626363821e-02
5.346331200166235067e+04 1.764860076599999772e+01 3.806543343173715566e-02
5.346332070536605170e+04 1.770720076599999970e+01 1.902307084809326532e-02
5.346332387666235445e+04 1.769300076599999727e+01 1.905615976187156890e-02
5.346332707110675256e+04 1.772580076599999899e+01 1.885171673441937701e-02
5.346334457110675430e+04 1.777438988200000125e+01 3.296919388334585560e-02
5.346338762666235561e+04 1.786538988200000233e+01 3.907733034241097497e-02
5.346339997619935457e+04 1.780308988200000186e+01 3.318987412649664070e-02
5.346340564749565237e+04 1.770718988200000155e+01 3.331302666633001452e-02
5.346341039286605519e+04 1.771498988200000113e+01 3.327127508318966642e-02
5.346341565906975302e+04 1.766508988200000019e+01 3.328780173347113680e-02
5.346342039286604995e+04 1.766148988200000147e+01 3.358835728573805052e-02
