2.453344277763999999e+06 9.899000000000000021e-01 2.000000000000000042e-02
2.453344279234000016e+06 9.917000000000000259e-01 2.000000000000000042e-02
2.453344282184000127e+06 9.936000000000000387e-01 2.000000000000000042e-02
2.453344283664000221e+06 9.854000000000000536e-01 2.000000000000000042e-02
2.453344285133999772e+06 9.817000000000000171e-01 2.000000000000000042e-02
2.453344286613999866e+06 9.736000000000000210e-01 2.000000000000000042e-02
2.453344288083999883e+06 9.656000000000000139e-01 2.000000000000000042e-02
2.453344289553999901e+06 9.674000000000000377e-01 2.000000000000000042e-02
2.453344296945000067e+06 9.789999999999999813e-01 2.000000000000000042e-02
2.453344298415000085e+06 9.717999999999999972e-01 2.000000000000000042e-02
2.453344299895000178e+06 9.789999999999999813e-01 2.000000000000000042e-02
2.453344301365000196e+06 9.745000000000000329e-01 2.000000000000000042e-02
2.453344302844999824e+06 9.899000000000000021e-01 2.000000000000000042e-02
2.453344304314999841e+06 9.754000000000000448e-01 2.000000000000000042e-02
2.453344305794999935e+06 9.971999999999999753e-01 2.000000000000000042e-02
2.453344307264999952e+06 9.899000000000000021e-01 2.000000000000000042e-02
2.453344308734999970e+06 1.008299999999999974e+00 2.000000000000000042e-02
2.453344310215000063e+06 1.027099999999999902e+00 2.000000000000000042e-02
2.453344311685000081e+06 1.034599999999999964e+00 2.000000000000000042e-02
2.453344313165000174e+06 1.031800000000000050e+00 2.000000000000000042e-02
2.453344314635000192e+06 1.038499999999999979e+00 2.000000000000000042e-02
2.453344316124999896e+06 1.048999999999999932e+00 2.000000000000000042e-02
2.453344317596000154e+06 1.048100000000000032e+00 2.000000000000000042e-02
2.453344319075999781e+06 1.050000000000000044e+00 2.000000000000000042e-02
2.453344320545999799e+06 1.057800000000000074e+00 2.000000000000000042e-02
2.453344322025999893e+06 1.069499999999999895e+00 2.000000000000000042e-02
2.453344323495999910e+06 1.068500000000000005e+00 2.000000000000000042e-02
2.453344324976000004e+06 1.075499999999999901e+00 2.000000000000000042e-02
2.453344326446000021e+06 1.079399999999999915e+00 2.000000000000000042e-02
2.453344327916000038e+06 1.085399999999999920e+00 2.000000000000000042e-02
2.453344329396000132e+06 1.062699999999999978e+00 2.000000000000000042e-02
2.453344330876000226e+06 1.056799999999999962e+00 2.000000000000000042e-02
2.453344332345999777e+06 1.047099999999999920e+00 2.000000000000000042e-02
2.453344333815999795e+06 1.043299999999999894e+00 2.000000000000000042e-02
2.453344335295999888e+06 1.031800000000000050e+00 2.000000000000000042e-02
2.453344336765999906e+06 1.032699999999999951e+00 2.000000000000000042e-02
2.453344338256000075e+06 1.026100000000000012e+00 2.000000000000000042e-02
2.453344341206999961e+06 1.019500000000000073e+00 2.000000000000000042e-02
2.453344342676999979e+06 1.012000000000000011e+00 2.000000000000000042e-02
2.453344344157000072e+06 1.004599999999999937e+00 2.000000000000000042e-02
2.453344345627000090e+06 9.990999999999999881e-01 2.000000000000000042e-02
2.453344347107000183e+06 9.926000000000000378e-01 2.000000000000000042e-02
2.453344348577000201e+06 9.798999999999999932e-01 2.000000000000000042e-02
2.453344350056999829e+06 9.683000000000000496e-01 2.000000000000000042e-02
2.453344351526999846e+06 9.699999999999999734e-01 2.000000000000000042e-02
2.453344353006999940e+06 9.637999999999999901e-01 2.000000000000000042e-02
2.453344354476999957e+06 9.637999999999999901e-01 2.000000000000000042e-02
2.453344355946999975e+06 9.619999999999999662e-01 2.000000000000000042e-02
2.453344357427000068e+06 9.612000000000000544e-01 2.000000000000000042e-02
2.453344360386999790e+06 9.683000000000000496e-01 2.000000000000000042e-02
2.453344361847000197e+06 9.699999999999999734e-01 2.000000000000000042e-02
2.453344363336999901e+06 9.727000000000000091e-01 2.000000000000000042e-02
2.453344370707999915e+06 1.000000000000000000e+00 2.000000000000000042e-02
2.453344372188000008e+06 9.899000000000000021e-01 2.000000000000000042e-02
2.453344373668000102e+06 1.000000000000000000e+00 2.000000000000000042e-02
2.453344375138000119e+06 9.990999999999999881e-01 2.000000000000000042e-02
2.453344376608000137e+06 1.004599999999999937e+00 2.000000000000000042e-02
2.453344378088000230e+06 1.005500000000000060e+00 2.000000000000000042e-02
2.453344379557999782e+06 9.945000000000000506e-01 2.000000000000000042e-02
2.453344381027999800e+06 1.001800000000000024e+00 2.000000000000000042e-02
2.453344382507999893e+06 1.002799999999999914e+00 2.000000000000000042e-02
2.453344383977999911e+06 1.001800000000000024e+00 2.000000000000000042e-02
2.453344385468000080e+06 1.000899999999999901e+00 2.000000000000000042e-02
2.453344386938000098e+06 9.908000000000000140e-01 2.000000000000000042e-02
2.453344388418999966e+06 9.953999999999999515e-01 2.000000000000000042e-02
2.453344389888999984e+06 1.007400000000000073e+00 2.000000000000000042e-02
2.453344392839000095e+06 1.005500000000000060e+00 2.000000000000000042e-02
2.453344394319000188e+06 1.003700000000000037e+00 2.000000000000000042e-02
2.453344395789000206e+06 1.012999999999999901e+00 2.000000000000000042e-02
2.453344397268999834e+06 1.022299999999999986e+00 2.000000000000000042e-02
2.453344398748999927e+06 1.011100000000000110e+00 2.000000000000000042e-02
2.453344400208999868e+06 1.022299999999999986e+00 2.000000000000000042e-02
2.453344401688999962e+06 1.014799999999999924e+00 2.000000000000000042e-02
2.453344403158999979e+06 1.028000000000000025e+00 2.000000000000000042e-02
2.453344404639000073e+06 1.022299999999999986e+00 2.000000000000000042e-02
2.453344406109000091e+06 1.029900000000000038e+00 2.000000000000000042e-02
2.453344407598999795e+06 1.025199999999999889e+00 2.000000000000000042e-02
2.453344409068999812e+06 1.030799999999999939e+00 2.000000000000000042e-02
2.453344416439999826e+06 1.000899999999999901e+00 2.000000000000000042e-02
2.453344417919999920e+06 1.010199999999999987e+00 2.000000000000000042e-02
2.453344419389999937e+06 1.009200000000000097e+00 2.000000000000000042e-02
2.453344420870000031e+06 9.980999999999999872e-01 2.000000000000000042e-02
2.453344422340000048e+06 9.953999999999999515e-01 2.000000000000000042e-02
2.453344423820000142e+06 1.000000000000000000e+00 2.000000000000000042e-02
2.453344425290000159e+06 9.899000000000000021e-01 2.000000000000000042e-02
2.453344426769999787e+06 9.762999999999999456e-01 2.000000000000000042e-02
2.453344428239999805e+06 9.745000000000000329e-01 2.000000000000000042e-02
2.453344429729999974e+06 9.691999999999999504e-01 2.000000000000000042e-02
2.453344431210000068e+06 9.708999999999999853e-01 2.000000000000000042e-02
2.453344432670000009e+06 9.603000000000000425e-01 2.000000000000000042e-02
2.453344434150000103e+06 9.656000000000000139e-01 2.000000000000000042e-02
2.453344435620000120e+06 9.594000000000000306e-01 2.000000000000000042e-02
2.453344438571000006e+06 9.585000000000000187e-01 2.000000000000000042e-02
2.453344440051000100e+06 9.576000000000000068e-01 2.000000000000000042e-02
2.453344441521000117e+06 9.558999999999999719e-01 2.000000000000000042e-02
2.453344444471000228e+06 9.523000000000000353e-01 2.000000000000000042e-02
2.453344445940999780e+06 9.523000000000000353e-01 2.000000000000000042e-02
2.453344447420999873e+06 9.462000000000000410e-01 2.000000000000000042e-02
2.453344448890999891e+06 9.454000000000000181e-01 2.000000000000000042e-02
2.453344450370999984e+06 9.409999999999999476e-01 2.000000000000000042e-02
2.453344451841000002e+06 9.496999999999999886e-01 2.000000000000000042e-02
2.453344570141000208e+06 1.012000000000000011e+00 2.000000000000000042e-02
2.453344573590000160e+06 9.717999999999999972e-01 2.000000000000000042e-02
2.453344576727000065e+06 9.462000000000000410e-01 2.000000000000000042e-02
2.453344579863000195e+06 9.384000000000000119e-01 2.000000000000000042e-02
2.453344589203999843e+06 9.170000000000000373e-01 2.000000000000000042e-02
2.453344592745999806e+06 9.314999999999999947e-01 2.000000000000000042e-02
2.453344595848000143e+06 9.306999999999999718e-01 2.000000000000000042e-02
2.453344598962000106e+06 9.272000000000000242e-01 2.000000000000000042e-02
2.453344602086999919e+06 9.471000000000000529e-01 2.000000000000000042e-02
2.453344604863999877e+06 9.496999999999999886e-01 2.000000000000000042e-02
2.453344646509999875e+06 9.826000000000000290e-01 2.000000000000000042e-02
2.453344649600000121e+06 9.647000000000000020e-01 2.000000000000000042e-02
2.453344652701999992e+06 1.001800000000000024e+00 2.000000000000000042e-02
2.453344655828000046e+06 9.862999999999999545e-01 2.000000000000000042e-02
2.453344659380999859e+06 9.736000000000000210e-01 2.000000000000000042e-02
2.453344662506000139e+06 9.953999999999999515e-01 2.000000000000000042e-02
2.453344665630999953e+06 1.006399999999999961e+00 2.000000000000000042e-02
2.453344668744999915e+06 1.021400000000000086e+00 2.000000000000000042e-02
2.453344671893000137e+06 1.004599999999999937e+00 2.000000000000000042e-02
2.453344675005999859e+06 9.926000000000000378e-01 2.000000000000000042e-02
2.453344678363000043e+06 1.017600000000000060e+00 2.000000000000000042e-02
2.453344681257000193e+06 1.038499999999999979e+00 2.000000000000000042e-02
2.453344685076999944e+06 1.035600000000000076e+00 2.000000000000000042e-02
2.453344688167000189e+06 1.010199999999999987e+00 2.000000000000000042e-02
2.453344691302999854e+06 1.002699999999999925e+00 2.000000000000000042e-02
2.453344694440000225e+06 1.013900000000000023e+00 2.000000000000000042e-02
2.453344697552999947e+06 1.063600000000000101e+00 2.000000000000000042e-02
2.453344700654999819e+06 1.070500000000000007e+00 2.000000000000000042e-02
2.453344703745999839e+06 1.093399999999999928e+00 2.000000000000000042e-02
2.453344707299999893e+06 1.069499999999999895e+00 2.000000000000000042e-02
2.453344710425000172e+06 1.050999999999999934e+00 2.000000000000000042e-02
2.453344713560999837e+06 1.037500000000000089e+00 2.000000000000000042e-02
2.453344716698000208e+06 1.046100000000000030e+00 2.000000000000000042e-02
2.453344719810999930e+06 1.063600000000000101e+00 2.000000000000000042e-02
2.453344722936000209e+06 1.016699999999999937e+00 2.000000000000000042e-02
2.453344726050000172e+06 1.025199999999999889e+00 2.000000000000000042e-02
2.453344729615999851e+06 9.808000000000000052e-01 2.000000000000000042e-02
2.453344738944000099e+06 9.926000000000000378e-01 2.000000000000000042e-02
2.453344748308000155e+06 9.871999999999999664e-01 2.000000000000000042e-02
2.453344751825999934e+06 9.953999999999999515e-01 2.000000000000000042e-02
2.453344754951999988e+06 9.871999999999999664e-01 2.000000000000000042e-02
