# (10, 10, 4)
1.934847819091531207e+01 4.301870623627376128e-02 1.030804615494393062e+00 -1.923106341366561445e+00
1.934847819091531207e+01 4.301870623627376128e-02 1.030804615494393062e+00 -1.923106341366561445e+00
1.934847819091531207e+01 4.301870623627376128e-02 1.030804615494393062e+00 -1.923106341366561445e+00
1.934847819091531207e+01 4.301870623627376128e-02 1.030804615494393062e+00 -1.923106341366561445e+00
1.934847819091531207e+01 4.301870623627376128e-02 1.030804615494393062e+00 -1.923106341366561445e+00
1.934847819091531207e+01 4.301870623627376128e-02 1.030804615494393062e+00 -1.923106341366561445e+00
1.934847819091531207e+01 4.301870623627376128e-02 1.030804615494393062e+00 -1.923106341366561445e+00
1.934847819091531207e+01 4.301870623627376128e-02 1.030804615494393062e+00 -1.923106341366561445e+00
1.934847819091531207e+01 4.301870623627376128e-02 1.030804615494393062e+00 -1.923106341366561445e+00
1.934296615789637741e+01 4.132171432946436102e-02 1.031101240211984127e+00 -1.967570690426258651e+00
1.987384431686005470e+01 9.084457442025056784e-02 8.738356771808738488e-01 -1.602589441291272232e+00
1.987384431686005470e+01 9.084457442025056784e-02 8.738356771808738488e-01 -1.602589441291272232e+00
1.987384431686005470e+01 9.084457442025056784e-02 8.738356771808738488e-01 -1.602589441291272232e+00
1.987384431686005470e+01 9.084457442025056784e-02 8.738356771808738488e-01 -1.602589441291272232e+00
1.987384431686005470e+01 9.084457442025056784e-02 8.738356771808738488e-01 -1.602589441291272232e+00
1.987384431686005470e+01 9.084457442025056784e-02 8.738356771808738488e-01 -1.602589441291272232e+00
1.987384431686005470e+01 9.084457442025056784e-02 8.738356771808738488e-01 -1.602589441291272232e+00
1.987384431686005470e+01 9.084457442025056784e-02 8.738356771808738488e-01 -1.602589441291272232e+00
1.994667503482503079e+01 9.139261041196254653e-02 8.556044204529239527e-01 -1.605093665014777571e+00
1.994667503482503079e+01 9.139261041196254653e-02 8.556044204529239527e-01 -1.605093665014777571e+00
1.905498338397325142e+01 6.705570034657520884e-02 9.468785176631907552e-01 -1.536633184534438756e+00
1.925119540359708736e+01 9.181734170126379380e-02 9.991505413912776801e-01 -1.471347033761100098e+00
1.925119540359708736e+01 9.181734170126379380e-02 9.991505413912776801e-01 -1.471347033761100098e+00
1.925119540359708736e+01 9.181734170126379380e-02 9.991505413912776801e-01 -1.471347033761100098e+00
1.925119540359708736e+01 9.181734170126379380e-02 9.991505413912776801e-01 -1.471347033761100098e+00
1.925119540359708736e+01 9.181734170126379380e-02 9.991505413912776801e-01 -1.471347033761100098e+00
1.925119540359708736e+01 9.181734170126379380e-02 9.991505413912776801e-01 -1.471347033761100098e+00
1.925119540359708736e+01 9.181734170126379380e-02 9.991505413912776801e-01 -1.471347033761100098e+00
1.925119540359708736e+01 9.181734170126379380e-02 9.991505413912776801e-01 -1.471347033761100098e+00
1.925119540359708736e+01 9.181734170126379380e-02 9.991505413912776801e-01 -1.471347033761100098e+00
1.980428465549304207e+01 8.414252434230627686e-02 8.510772973891489457e-01 -1.510156500638023758e+00
1.980428465549304207e+01 8.414252434230627686e-02 8.510772973891489457e-01 -1.510156500638023758e+00
1.983510502984538704e+01 7.926861783745731138e-02 9.313660471324355372e-01 -1.483874598451067728e+00
1.983510502984538704e+01 7.926861783745731138e-02 9.313660471324355372e-01 -1.483874598451067728e+00
1.983510502984538704e+01 7.926861783745731138e-02 9.313660471324355372e-01 -1.483874598451067728e+00
1.983510502984538704e+01 7.926861783745731138e-02 9.313660471324355372e-01 -1.483874598451067728e+00
1.983510502984538704e+01 7.926861783745731138e-02 9.313660471324355372e-01 -1.483874598451067728e+00
1.983510502984538704e+01 7.926861783745731138e-02 9.313660471324355372e-01 -1.483874598451067728e+00
1.983510502984538704e+01 7.926861783745731138e-02 9.313660471324355372e-01 -1.483874598451067728e+00
1.983510502984538704e+01 7.926861783745731138e-02 9.313660471324355372e-01 -1.483874598451067728e+00
1.965357396103611975e+01 3.821804447419488437e-03 1.238012710475262956e+00 -1.377371903818717991e+00
1.955997887922643130e+01 1.357563692708162184e-02 1.206215482625565993e+00 -1.424814381093838511e+00
1.955997887922643130e+01 1.357563692708162184e-02 1.206215482625565993e+00 -1.424814381093838511e+00
1.955997887922643130e+01 1.357563692708162184e-02 1.206215482625565993e+00 -1.424814381093838511e+00
1.955997887922643130e+01 1.357563692708162184e-02 1.206215482625565993e+00 -1.424814381093838511e+00
1.943002812552834868e+01 -7.511127608364503994e-03 1.245759321927703445e+00 -1.423655467441585332e+00
1.940052705025484059e+01 -1.710450704233007491e-03 1.236611491565893228e+00 -1.433015680908257483e+00
1.940052705025484059e+01 -1.710450704233007491e-03 1.236611491565893228e+00 -1.433015680908257483e+00
1.940052705025484059e+01 -1.710450704233007491e-03 1.236611491565893228e+00 -1.433015680908257483e+00
1.940052705025484059e+01 -1.710450704233007491e-03 1.236611491565893228e+00 -1.433015680908257483e+00
1.891023357925006465e+01 8.128760093074165194e-02 9.854763268051006664e-01 -1.754164236158059609e+00
1.891023357925006465e+01 8.128760093074165194e-02 9.854763268051006664e-01 -1.754164236158059609e+00
1.891023357925006465e+01 8.128760093074165194e-02 9.854763268051006664e-01 -1.754164236158059609e+00
1.891023357925006465e+01 8.128760093074165194e-02 9.854763268051006664e-01 -1.754164236158059609e+00
1.888854819898300264e+01 8.133493985130456350e-02 9.867450458149732428e-01 -1.760501693728135253e+00
1.888854819898300264e+01 8.133493985130456350e-02 9.867450458149732428e-01 -1.760501693728135253e+00
1.888854819898300264e+01 8.133493985130456350e-02 9.867450458149732428e-01 -1.760501693728135253e+00
1.888854819898300264e+01 8.133493985130456350e-02 9.867450458149732428e-01 -1.760501693728135253e+00
1.906750616415497745e+01 5.230711170212985067e-02 1.074083791517568276e+00 -1.646031671517372619e+00
1.906750616415497745e+01 5.230711170212985067e-02 1.074083791517568276e+00 -1.646031671517372619e+00
1.950946994599982887e+01 1.244111736300296811e-01 1.067956382311315400e+00 -1.385410653571208073e+00
1.950946994599982887e+01 1.244111736300296811e-01 1.067956382311315400e+00 -1.385410653571208073e+00
1.950946994599982887e+01 1.244111736300296811e-01 1.067956382311315400e+00 -1.385410653571208073e+00
1.950946994599982887e+01 1.244111736300296811e-01 1.067956382311315400e+00 -1.385410653571208073e+00
1.951148571275536270e+01 1.254302831480114400e-01 1.068421557042900760e+00 -1.378678202636171912e+00
1.951148571275536270e+01 1.254302831480114400e-01 1.068421557042900760e+00 -1.378678202636171912e+00
1.951148571275536270e+01 1.254302831480114400e-01 1.068421557042900760e+00 -1.378678202636171912e+00
1.951148571275536270e+01 1.254302831480114400e-01 1.068421557042900760e+00 -1.378678202636171912e+00
1.951148571275536270e+01 1.254302831480114400e-01 1.068421557042900760e+00 -1.378678202636171912e+00
1.951148571275536270e+01 1.254302831480114400e-01 1.068421557042900760e+00 -1.378678202636171912e+00
1.933330291818686320e+01 8.274833219431720899e-02 9.439088679323210940e-01 -1.478356468352455710e+00
1.932051159200796420e+01 8.665174790623862700e-02 9.291069037009300757e-01 -1.481377848737402969e+00
1.940573253910647011e+01 6.064562631753983579e-02 1.027723528206865744e+00 -1.461248200384379192e+00
1.940573253910647011e+01 6.064562631753983579e-02 1.027723528206865744e+00 -1.461248200384379192e+00
1.940573253910647011e+01 6.064562631753983579e-02 1.027723528206865744e+00 -1.461248200384379192e+00
1.940573253910647011e+01 6.064562631753983579e-02 1.027723528206865744e+00 -1.461248200384379192e+00
1.940573253910647011e+01 6.064562631753983579e-02 1.027723528206865744e+00 -1.461248200384379192e+00
1.940573253910647011e+01 6.064562631753983579e-02 1.027723528206865744e+00 -1.461248200384379192e+00
1.940573253910647011e+01 6.064562631753983579e-02 1.027723528206865744e+00 -1.461248200384379192e+00
1.940573253910647011e+01 6.064562631753983579e-02 1.027723528206865744e+00 -1.461248200384379192e+00
1.988956206496717272e+01 7.803680753102461287e-02 1.007172934357197791e+00 -1.500700618413342013e+00
1.990079967721313636e+01 6.887972490971636108e-02 1.102504172895691692e+00 -1.427853854621450758e+00
1.999511674608500300e+01 8.418430580961029641e-02 1.073803615886357976e+00 -1.428694983554108289e+00
1.999511674608500300e+01 8.418430580961029641e-02 1.073803615886357976e+00 -1.428694983554108289e+00
1.999511674608500300e+01 8.418430580961029641e-02 1.073803615886357976e+00 -1.428694983554108289e+00
1.999511674608500300e+01 8.418430580961029641e-02 1.073803615886357976e+00 -1.428694983554108289e+00
1.999511674608500300e+01 8.418430580961029641e-02 1.073803615886357976e+00 -1.428694983554108289e+00
1.999511674608500300e+01 8.418430580961029641e-02 1.073803615886357976e+00 -1.428694983554108289e+00
1.999511674608500300e+01 8.418430580961029641e-02 1.073803615886357976e+00 -1.428694983554108289e+00
1.999511674608500300e+01 8.418430580961029641e-02 1.073803615886357976e+00 -1.428694983554108289e+00
1.878270741193890458e+01 8.926179588570584689e-02 1.128950005201137419e+00 -1.627568041272575039e+00
1.886469446319233256e+01 8.127837535005860703e-02 1.137100013176888691e+00 -1.606181466017336357e+00
1.886469446319233256e+01 8.127837535005860703e-02 1.137100013176888691e+00 -1.606181466017336357e+00
1.896460694961706750e+01 8.400275250524179282e-02 1.101439363263215787e+00 -1.571326069887432286e+00
1.896460694961706750e+01 8.400275250524179282e-02 1.101439363263215787e+00 -1.571326069887432286e+00
1.896460694961706750e+01 8.400275250524179282e-02 1.101439363263215787e+00 -1.571326069887432286e+00
1.896460694961706750e+01 8.400275250524179282e-02 1.101439363263215787e+00 -1.571326069887432286e+00
1.896460694961706750e+01 8.400275250524179282e-02 1.101439363263215787e+00 -1.571326069887432286e+00
1.896460694961706750e+01 8.400275250524179282e-02 1.101439363263215787e+00 -1.571326069887432286e+00
1.896460694961706750e+01 8.400275250524179282e-02 1.101439363263215787e+00 -1.571326069887432286e+00
