5.346328013243387250e+04 1.434983079626422509e+01 5.213424599999999694e-03
5.346328433382277581e+04 1.432483235876422611e+01 1.894695816715512987e-02
5.346328767873017205e+04 1.430793235876422642e+01 1.891314951221074667e-02
5.346329085002647480e+04 1.424473235876422805e+01 1.897332927095390920e-02
5.346329769030417810e+04 1.420933235876422529e+01 1.900492631493870196e-02
5.346330098891537637e+04 1.417243235876422602e+01 2.114680173189376067e-02
5.346330762085977767e+04 1.415373235876422697e+01 1.989063155626363821e-02
5.346331200743387308e+04 1.413753235876422565e+01 3.806543343173715566e-02
5.346332071113757411e+04 1.419613235876422763e+01 1.902307084809326532e-02
5.346332388243387686e+04 1.418193235876422520e+01 1.905615976187156890e-02
5.346332707687827497e+04 1.421473235876422692e+01 1.885171673441937701e-02
5.346338763243387803e+04 1.435642147476422892e+01 3.907733034241097497e-02
5.346339998197087698e+04 1.429412147476422845e+01 3.318987412649664070e-02
5.346340565326717478e+04 1.419822147476422813e+01 3.331302666633001452e-02
5.346341039863757760e+04 1.420602147476422772e+01 3.327127508318966642e-02
5.346341566484127543e+04 1.415612147476422678e+01 3.328780173347113680e-02
5.346342039863757236e+04 1.415252147476422806e+01 3.358835728573805052e-02
5.852335809295898071e+04 1.416549931728814116e+01 9.712007300000000468e-03
5.852335991100288084e+04 1.415462910628814086e+01 5.807201100000000150e-03
5.852336354898658465e+04 1.415232910628813912e+01 5.544689799999999620e-03
5.852336736740418564e+04 1.420636047118814105e+01 5.700937199999999740e-03
5.852336924620128411e+04 1.423519931728814214e+01 9.067694600000000479e-03
5.852337268822368060e+04 1.423969931728814231e+01 9.482778399999999136e-03
5.852337444502568542e+04 1.427712910628813958e+01 6.438445800000000378e-03
5.852338162688648299e+04 1.432539931728814153e+01 9.828178200000000850e-03
