2458365.7079514 18.4033 0.10781500000000001
2458368.7739699 17.9156 0.062199300000000006
2458371.7948958 18.1056 0.06045349999999999
2458374.6673148 18.5523 0.0746485
2458377.7744792 17.9125 0.0659617
2458380.745625 18.0681 0.0747313
2458386.7483218 18.1042 0.0758391
2458389.7320833 18.2108 0.0720869
2458430.576794 19.0874 0.125117
2458433.5869329 18.3765 0.0869564
2458469.5748264 18.6542 0.0915559
2458469.5797337997 19.0144 0.190172
2458469.5846412 18.6704 0.127843
2458469.5895486 18.7521 0.0963135
2458471.5902778 18.1736 0.195475
2458472.5845255 18.4953 0.110463
2458472.5893866 18.4374 0.09778680000000001
2458473.5751736 18.6414 0.11857100000000001
2458473.5800463 18.5652 0.0985406
2458473.5849074 18.6045 0.11804200000000001
2458473.5897685 18.55 0.133924
2458474.5749653 18.6259 0.12964
2458474.5800347 18.8564 0.163925
2458474.5851042005 18.6246 0.138155
2458475.5842361 19.018 0.15009
2458483.5816551005 18.6215 0.123958
2458483.5866551003 18.7701 0.128761
2458483.5916435 18.5879 0.10045
2458487.5821528 18.9298 0.13551300000000002
2458487.5870139 18.7838 0.113621
2458487.5918634 18.9318 0.13419
2458488.5776967998 18.6733 0.11901500000000001
2458488.5825694 18.660999999999998 0.145147
2458650.9245023 18.2896 0.0978654
2458653.9415972 18.7572 0.122297
