2458305.8761458 16.8369 0.0425818
2458307.8778704 16.8598 0.062164699999999996
2458308.8345949 16.8729 0.0506241
2458310.8809144 16.9086 0.0477479
2458313.8818866 16.9043 0.0482325
2458319.7732755 16.8376 0.058420900000000005
2458320.845463 16.8452 0.0416086
2458321.8465394 16.750999999999998 0.048534100000000004
2458322.8553472 16.8932 0.0347682
2458329.8377315 16.8278 0.04101130000000001
2458332.8172685 16.9456 0.0494786
2458333.8170139 16.8271 0.0358004
2458337.8273148 16.8843 0.0452696
2458343.820544 16.9051 0.048412300000000005
2458344.6720255003 16.9018 0.0492074
2458345.8184375 16.885 0.05060069999999999
2458348.7126852 16.9598 0.0381082
2458349.7920023 16.9697 0.04504980000000001
2458350.8596644 17.0132 0.052434400000000006
2458353.7716204 17.0431 0.0487887
2458353.8054514 17.038 0.05123919999999999
2458354.7299537 17.0648 0.038108800000000005
2458354.7530556 17.1275 0.050643099999999996
2458356.6891551004 17.003 0.0473176
2458356.7503472 17.1402 0.06439009999999999
2458357.7500347 17.055 0.0435824
2458357.7705093 17.045 0.0595431
2458359.7488426003 17.0598 0.0411471
2458359.7507176003 17.1528 0.0486838
2458360.7317014 17.0994 0.0378245
2458360.7736458 17.2614 0.0537285
2458362.687604201 17.0537 0.0318825
2458363.711875 17.1154 0.036272900000000004
2458364.6665046 17.0745 0.0296014
2458365.6701736 17.1507 0.0336321
2458367.6687153 17.2306 0.0427736
2458373.6453588 17.2825 0.0434
2458374.666331 17.1893 0.0398004
2458375.6583333 17.3517 0.047142199999999995
2458377.6682755 17.2537 0.05776900000000001
2458378.7116667004 17.2547 0.046170499999999996
2458379.7102431 17.36 0.0441212
2458383.6489583 17.2309 0.0690251
2458384.6473727003 17.1821 0.061655499999999995
2458385.6886921003 17.269000000000002 0.069
2458385.7089468 17.2162 0.0409315
2458386.6893981 17.3993 0.0439531
2458386.7288889 17.2211 0.0382158
2458387.6494676 17.3677 0.0458239
2458387.649919 17.4724 0.0508
2458389.7278356003 17.2402 0.0547168
2458428.6025694 17.6173 0.051961099999999996
2458430.578669 17.7018 0.0600696
2458433.5723727 17.6777 0.0632436
2458456.5709722 17.6871 0.07405160000000001
2458456.5734375 17.6187 0.074808
2458457.5719676004 17.7345 0.13948
2458457.5768633997 17.7252 0.108596
2458457.5817593 17.7075 0.141426
2458461.5719097 17.6613 0.06144109999999999
2458461.5767477 17.6031 0.0825062
2458461.5815856005 17.6149 0.082111
2458461.586412 17.6203 0.07845830000000001
2458465.5706134 17.7497 0.110925
2458465.5755323996 17.6946 0.09719119999999999
2458465.580463 17.6619 0.080164
2458465.5853819 17.6823 0.087578
2458466.5708449 17.6464 0.08908300000000001
2458466.5757176 17.5907 0.0694276
2458466.5806019 17.5873 0.0780721
2458466.585463 17.6273 0.0742671
2458468.5709144 17.4411 0.07494189999999999
2458468.5758796004 17.5663 0.0648673
2458468.5808332996 17.6147 0.0539308
2458468.5857755 17.6656 0.10567599999999999
2458469.5704282 17.6464 0.0621678
2458469.5753356004 17.6486 0.0673551
2458469.5802546 17.6515 0.06968919999999999
2458469.5851505003 17.6703 0.054304599999999995
2458574.0124306 17.4968 0.0493824
2458574.0173032 17.5351 0.060657
2458574.0221758997 17.4869 0.0650601
2458574.027037 17.5283 0.0621356
2458607.9985995 17.4664 0.0423725
2458634.9371875 17.3648 0.052102300000000004
2458637.936794 17.2914 0.047537699999999995
2458640.9659954 17.3191 0.0414539
2458652.9413889 17.1905 0.0438015
