2458319.8469213 17.2952 0.0505162
2458322.8937963 17.3483 0.0472308
2458325.7719676 17.3182 0.0726025
2458328.8346065 17.2001 0.05230599999999999
2458334.8544444 17.3286 0.0520749
2458340.8117824 17.2669 0.0532068
2458343.8383796 17.2545 0.0528228
2458376.6885417 17.3087 0.044239999999999995
2458385.7301389 17.4052 0.051646500000000005
2458388.7354745 17.5103 0.042852
2458423.6250463 17.6829 0.0515019
2458426.610787 17.7845 0.12021300000000001
2458429.5856829 17.83 0.0506199
2458432.5859375 17.7919 0.0701066
2458490.5846181 17.9518 0.08369750000000001
2458490.5894212998 17.9145 0.0900953
2458490.5942245 18.1012 0.11217200000000001
2458491.5863773 17.9981 0.0900831
2458491.59125 17.8972 0.052208500000000005
2458491.5961227003 18.0166 0.0630736
2458493.5919907 18.0379 0.0714754
2458493.5871991003 17.9448 0.09051089999999999
2458493.5967707997 18.0282 0.09218889999999999
2458636.9230324 17.775 0.044820599999999995
2458644.9776852 17.7376 0.0433035
2458650.9263194 17.7353 0.0478025
2458653.9434028 17.7348 0.0597888
