2458466.0028356 16.8627 0.0383597
2458469.0226505003 16.9556 0.0309106
2458473.0434259 16.7922 0.0277421
2458482.0428704 16.7492 0.0409559
2458482.0551736 16.764 0.0389221
2458488.0242014 16.7133 0.030900999999999998
2458492.0232755 16.785 0.0368092
2458493.9909144 16.8026 0.026866900000000003
2458494.9549884 16.8048 0.032715499999999995
2458503.9703356004 16.5964 0.0388618
2458538.8562616003 16.1357 0.0373591
2458543.7636227 16.2239 0.0169988
2458556.7737963 16.0046 0.04378119999999999
2458572.7729167 16.2338 0.0370315
2458575.7306481004 16.3393 0.0407793
2458580.7288079 16.3089 0.027414400000000002
2458583.7578009 16.4343 0.0333064
2458586.7125463 16.3251 0.0403176
2458594.815625 16.5892 0.041427
2458598.6847454 16.6066 0.038018300000000005
2458600.7898611 16.5184 0.0173396
2458601.7552893995 16.4609 0.0267476
2458619.6565278 16.6196 0.0653792
2458642.7132639 16.9724 0.045855
2458648.6979630003 16.8299 0.0662809
