2458458.0501736 17.9695 0.0610349
2458458.0549653 18.0195 0.0729417
2458466.0626505003 18.0618 0.06476090000000001
2458466.0577546 18.1081 0.053207000000000004
2458466.0675462997 18.0822 0.06504349999999999
2458469.0404977 18.1059 0.0683325
2458465.0554167004 18.0151 0.0723933
2458465.0602431 17.9553 0.056888
2458465.069919 17.9209 0.11013900000000001
2458465.0650810003 18.0802 0.0737551
2458477.0407755 18.0065 0.0689935
2458482.0439468 17.9514 0.08129460000000001
2458492.9988542004 17.953 0.0754654
2458513.0020486 17.8718 0.129301
2458527.0012384 17.7937 0.06583939999999999
2458541.0037616 17.7322 0.0693505
2458573.9021875 17.2851 0.040501999999999996
2458582.7729167 17.2129 0.036903500000000006
2458591.8759838 17.1391 0.0473677
2458594.8557986 17.0915 0.04309930000000001
2458597.8589699 17.1837 0.0436914
2458606.8043634 17.3109 0.0433381
2458617.7726968 17.2965 0.053170100000000005
2458617.7731481004 17.3312 0.057340699999999994
2458633.800625 17.5167 0.0463973
2458636.7263426003 17.4696 0.049965699999999995
2458648.7097569 17.5772 0.0677802
2458651.7526505003 17.7046 0.0747053
