
2.458487e+06 15.7788 0.035471
2.458487e+06 15.8048 0.032772
2.458487e+06 15.7800 0.029938
2.458487e+06 15.7795 0.034039
2.458488e+06 15.8457 0.032561
2.458488e+06 15.8383 0.031612
2.458488e+06 15.8301 0.026277
2.458488e+06 15.8587 0.029175
2.458489e+06 15.7972 0.036919
2.458489e+06 15.7809 0.043848
2.458489e+06 15.7530 0.043037
2.458489e+06 15.8808 0.071223
2.458491e+06 15.7971 0.035359
2.458491e+06 15.7440 0.033110
2.458491e+06 15.7706 0.029489
2.458492e+06 15.8151 0.035635
2.458492e+06 15.8339 0.026550
2.458492e+06 15.8315 0.021540
2.458493e+06 15.8524 0.112517
2.458493e+06 15.7913 0.098720
2.458494e+06 15.7725 0.025847
2.458494e+06 15.8152 0.029786
2.458494e+06 15.8056 0.026193
2.458494e+06 15.8461 0.037370
