2458430.9835532 18.9171 0.10787999999999999
2458439.0566088 19.066 0.14365
2458447.9965046 18.9707 0.172225
2458451.0442707995 19.0265 0.107775
2458472.0440162 18.8637 0.0900805
2458482.0087616 18.6907 0.0834793
2458486.9830671 18.5082 0.06774619999999999
2458492.0251273 18.6372 0.104288
2458493.975544 18.4808 0.057740599999999996
2458493.9659259 18.4919 0.0719073
2458494.9400231005 18.7247 0.059756399999999994
2458506.0032523 18.3456 0.152977
2458509.9815972 18.4025 0.0890605
2458513.956169 18.6492 0.164853
2458513.9261806 18.4982 0.0724518
2458540.7835532003 18.1018 0.103147
2458543.8381481003 18.0835 0.07471749999999999
2458557.8568056 18.1335 0.06756849999999999
2458573.7565625 18.1872 0.0569481
2458575.727419 18.2633 0.11659100000000001
2458580.7254977003 18.2431 0.0565136
2458583.755544 18.3563 0.0592665
2458586.6904051 18.2604 0.0736389
2458591.8532523 18.3856 0.10633900000000002
2458594.8183565 18.570999999999998 0.0939941
2458597.8290278 18.3762 0.0567578
2458608.7345139 18.5383 0.0587755
2458612.6925231004 18.4624 0.0645279
2458639.6790394 18.8378 0.0724133
2458642.7224074 18.8802 0.0708804
2458648.6965741003 18.7312 0.1211
