2458304.8563889 16.758 0.044506800000000006
2458305.8557755 16.7929 0.049742699999999994
2458307.8578472 16.8143 0.0378609
2458321.7745718 16.7818 0.0457409
2458334.8401389 16.980999999999998 0.0465887
2458336.7289005 17.0149 0.0359701
2458338.6908102003 17.0539 0.0543928
2458345.8225579 17.0145 0.041211300000000006
2458348.6970949 17.1943 0.0595364
2458359.7297338 17.132 0.150194
2458365.6465625 17.2013 0.0475421
2458371.6225231 17.3262 0.0448975
2458372.6263657003 17.3784 0.0633119
2458619.9198264 17.3323 0.150598
2458640.9619097 17.1767 0.039079699999999995
2458652.920544 17.2006 0.0382931
