2458288.7498958 18.74 0.08247510000000001
2458294.7334144 18.7529 0.0929914
2458297.7535995 18.8935 0.13622
2458304.6801505 18.8515 0.10030700000000001
2458450.0475926003 18.8569 0.110203
2458450.0525694 18.8753 0.0964398
2458450.0575463 18.8699 0.11372
2458450.0625347 18.9815 0.178723
2458451.0534606003 18.9896 0.121797
2458451.0582407 18.9435 0.110972
2458451.0486806 18.9285 0.109792
2458451.0630093 18.8738 0.15604200000000001
2458475.9921644 18.7457 0.12548299999999998
2458477.0204051 18.9098 0.12319200000000001
2458482.0398148 18.8151 0.0977793
2458508.9972222 18.5587 0.09679019999999999
2458523.0416088 18.5651 0.0816581
2458527.004919 18.5181 0.10004099999999999
2458534.9603009 18.4355 0.138552
2458541.9813657003 18.494 0.08319839999999999
2458560.8786458 18.205 0.062489499999999996
2458580.8946296 18.0766 0.0515299
2458580.8291435 18.1368 0.0584707
2458584.8337731003 18.0787 0.0661023
2458587.8940509 18.1436 0.0738499
2458589.7394907 18.1327 0.105744
2458591.8738657003 18.1522 0.105802
2458593.8106134 18.0822 0.0763761
2458597.860625 18.1643 0.09328910000000001
2458602.8148264 18.1541 0.0865677
2458606.7310069 18.2196 0.0643533
2458606.7728704 18.1837 0.054222400000000004
2458612.7307176003 18.2435 0.06085309999999999
2458612.7470255 18.2671 0.06708639999999999
2458616.7985532 18.2721 0.056566
2458616.7995023 18.2778 0.07865189999999998
2458633.7084954 18.3498 0.0558928
2458636.7254514 18.3265 0.06807780000000001
2458639.6694097 18.3759 0.0704572
2458648.7115972 18.3747 0.100939
2458654.6915278 18.5646 0.07680039999999999
