2458469.0236343 18.3487 0.0627982
2458474.9816782 18.2631 0.0699214
2458476.9841667004 18.2816 0.0724277
2458488.0297569 18.2525 0.06333899999999999
2458492.0461111 18.1356 0.0779043
2458493.9792014 18.1373 0.0529332
2458503.0232523 18.1356 0.055674
2458506.0413889 17.9921 0.08631269999999999
2458512.0252199 17.917 0.0685745
2458524.9665625 17.7666 0.0597202
2458538.8580903 17.6451 0.0931315
2458543.8576273 17.6296 0.075601
2458547.8116782 17.6239 0.0467484
2458572.7970023 17.5082 0.0704092
2458575.8717824 17.4855 0.08977339999999999
2458580.7746875 17.5594 0.0475304
2458580.8475 17.6321 0.0482116
2458582.7644329 17.6721 0.0486575
2458586.7308565 17.6869 0.0523616
2458596.752338 17.8143 0.051764
2458608.7325810003 17.9524 0.0531193
2458633.668125 18.109 0.07333610000000002
2458639.675787 18.107 0.0988041
2458642.7137616 18.3593 0.106877
2458646.725544 18.1861 0.0958066
2458649.7166087995 18.3331 0.0829722
2458653.6870718 18.3374 0.08847819999999999
