2458447.9992477 19.0281 0.139454
2458462.0430208 19.0604 0.111528
2458472.9445139 18.9522 0.105985
2458476.9662616 18.7978 0.0900452
2458481.9805903 18.8647 0.102389
2458482.0233912 18.8766 0.111069
2458486.980787 18.7425 0.07973889999999999
2458492.0269907 18.6754 0.0983678
2458493.9741551 18.8284 0.07748279999999999
2458494.9554514 18.7239 0.0818328
2458503.0204514 18.5449 0.100668
2458508.9614005 18.5559 0.134385
2458513.9229745 18.5216 0.059960400000000004
2458514.9364931 18.4912 0.0911607
2458538.7465972 18.0286 0.179851
2458559.7523148 18.1842 0.08041519999999999
2458574.7084028 18.4076 0.185244
2458582.7169560003 18.5734 0.054350800000000005
2458586.7130324 18.6577 0.0849363
2458591.8578472 18.4943 0.195139
2458593.7834375 18.7214 0.13236099999999998
2458594.6555093 18.6635 0.0964006
2458598.6856481005 18.7885 0.0831944
2458601.7571065 18.8556 0.0633885
2458605.663588 18.8751 0.0742072
2458612.6934491 18.93 0.0856539
2458634.6702431 19.037 0.0922904
2458637.6781366 18.9586 0.08691410000000001
