2458477.0116319 17.4358 0.050457999999999996
2458482.9748843 17.3511 0.047587800000000006
2458488.0255787005 17.2845 0.0411276
2458488.0269444 17.2825 0.0458976
2458492.0793056 17.2895 0.05247919999999999
2458503.021875 17.1087 0.0447923
2458524.9601736 16.9012 0.036693699999999996
2458539.8148611 16.7437 0.07218480000000001
2458543.8553472 16.6657 0.0316265
2458557.7634028 16.5229 0.044893300000000004
2458560.8366088 16.5395 0.0313759
2458573.7730556 16.5394 0.031966800000000004
2458581.7533681 16.5328 0.0340534
2458584.7960532 16.5792 0.0394556
2458592.752338 16.656 0.0507006
2458607.7320718 16.8362 0.0428579
2458612.7093171 16.9049 0.0396886
2458637.6818056 17.19 0.0414538
2458640.7128356 17.1897 0.0476857
2458643.738044 17.2856 0.0390213
2458647.7366898 17.2836 0.039446300000000004
2458650.7493519 17.3641 0.053576599999999995
2458654.6730556 17.2879 0.040349800000000005
