2458319.9423264 17.5101 0.0489573
2458322.8974884 17.2399 0.0420066
2458325.7724306 17.2236 0.0473617
2458328.8360069 17.2751 0.0490176
2458343.8374653 17.1032 0.0413831
2458378.7741551003 17.1478 0.047062400000000004
2458385.7305903 17.1673 0.0483566
2458385.7324306 17.2292 0.0577894
2458388.7350116 17.4209 0.0400104
2458472.5937963 17.7642 0.046022
2458612.9748032 17.8205 0.048038800000000006
2458612.9781481004 17.8107 0.0518688
2458612.9828704 17.7745 0.041150400000000004
2458612.9868056 17.8844 0.049942900000000005
2458650.9379051 17.9797 0.06266580000000001
