2458457.0627315 16.6911 0.10536300000000001
2458458.0549653 16.5598 0.044935199999999995
2458462.0528587997 16.6162 0.029270099999999997
2458462.0575926 16.6516 0.0311013
2458462.0623264 16.6233 0.0441861
2458462.0670832996 16.6427 0.032819
2458466.0577546 16.6054 0.0400898
2458466.0626505003 16.6102 0.0395538
2458466.0675462997 16.5942 0.0324718
2458465.0650810003 16.6238 0.0388969
2458465.0602431 16.6111 0.0339547
2458465.0554167004 16.6153 0.0404226
2458465.069919 16.604 0.043040800000000004
2458477.0407755 16.5213 0.033547900000000005
2458482.0439468 16.5461 0.0322659
2458492.9965393995 16.5105 0.0327454
2458504.0192593 16.4989 0.0506639
2458527.0012384 16.2776 0.027885300000000002
2458541.0037616 16.1189 0.033824099999999996
2458560.8979514 15.9193 0.0286202
2458584.8600116 15.6598 0.0275889
2458587.8102199 15.6316 0.032245499999999996
2458591.8759838 15.6013 0.021393000000000002
2458594.8557986 15.5679 0.0228642
2458597.8589699 15.5822 0.037980900000000005
2458606.8048264 15.6046 0.0345859
2458617.7644329 15.7464 0.0311452
2458617.7726968 15.8249 0.0291548
2458643.7352431 16.0784 0.0338331
2458649.7338542 16.0743 0.0380343
2458652.7746528 16.1478 0.0268501
