2458340.7987384 19.5642 0.15140399999999998
2458341.7611111 19.598 0.144877
2458341.7647917005 19.6601 0.158248
2458341.7721758997 19.4988 0.126038
2458341.7731019 19.6145 0.138138
2458341.7804861 19.6293 0.158773
2458341.7740278 19.612000000000002 0.15432
2458341.7777082995 19.5369 0.132139
2458341.7961689997 19.564 0.161666
2458341.7980092997 19.5234 0.134875
2458341.7998611 19.6227 0.14476
2458341.7786343 19.5543 0.145622
2458341.7814005003 19.5918 0.12100999999999999
2458341.7850926 19.6125 0.145536
2458341.7823264 19.7066 0.164152
2458341.7841667 19.583 0.140005
2458341.8026273 19.5221 0.14064300000000002
2458342.7031481 19.639 0.151133
2458342.7012962997 19.6301 0.14643699999999998
2458342.7040625 19.7086 0.178296
2458342.7077546003 19.6803 0.18854100000000001
2458342.7068403 19.5562 0.151757
2458342.7059143996 19.7263 0.159949
2458342.7096065 19.623 0.137322
2458342.7086806 19.6716 0.198704
2458342.7123727 19.6582 0.20464100000000002
2458342.7197569 19.6281 0.149726
2458342.7202199 19.6196 0.122802
2458342.7174421 19.6035 0.129867
2458342.7114468 19.6392 0.159398
2458342.7215972 19.5579 0.166872
2458342.7146759 19.5945 0.12751099999999999
2458342.7132986 19.6665 0.177988
2458342.714213 19.7585 0.197327
2458342.7128356 19.6608 0.149463
2458342.7151389 19.7562 0.15327000000000002
2458342.7243633997 19.733 0.142028
2458342.7160648 19.5659 0.170704
2458342.7179051004 19.6643 0.158797
2458342.7266782 19.6412 0.135846
2458342.7169907 19.7449 0.166714
2458342.718831 19.7316 0.147244
2458342.7299074 19.7051 0.123374
2458342.7317477 19.6253 0.148694
2458342.7326736 19.685 0.20095
2458342.7331366 19.6362 0.139131
2458342.7206713 19.546 0.191909
2458342.7363657 19.7737 0.15998199999999999
2458342.7354397997 19.6552 0.132961
2458342.7391319 19.7609 0.17356400000000002
2458342.7437384 19.6587 0.138049
2458342.7252893997 19.7645 0.18332400000000001
2458342.7455903 19.7422 0.183946
2458342.7478935 19.7042 0.13153399999999998
2458342.7262153 19.6479 0.15076099999999998
2458342.7239005 19.6374 0.14106
2458342.7502082996 19.7452 0.139375
2458342.7280556 19.6831 0.157143
2458342.7552778 19.6229 0.136916
2458342.7275926 19.6202 0.138727
2458342.7562037003 19.7034 0.131138
2458342.7603472 19.6755 0.143059
2458342.7631134 19.6648 0.14661400000000002
2458342.7649653 19.7549 0.14899500000000002
2458342.7598842997 19.6976 0.127459
2458342.7612731005 19.8697 0.14794200000000002
2458342.7285185 19.6295 0.12128499999999999
2458342.7617361 19.7123 0.143178
2458342.7668056 19.6828 0.174551
2458342.7714236 19.7619 0.165382
2458342.7359027998 19.6422 0.119602
2458342.7345139 19.5892 0.129658
2458342.7741898 19.6099 0.151428
2458342.7349769 19.7328 0.129749
2458342.7815741003 19.6769 0.184609
2458342.7368171 19.5433 0.135021
2458342.738206 19.6472 0.129261
2458342.7409722 19.6714 0.150161
2458342.7400462995 19.6356 0.15060199999999999
2458342.7418981004 19.6702 0.13559300000000002
2458342.7889468 19.9523 0.21211100000000002
2458342.7428241 19.7201 0.138595
2458342.7423611 19.6026 0.135322
2458342.796331 19.8457 0.20590799999999998
2458342.7492823997 19.7639 0.190468
2458342.7483564997 19.7938 0.156843
2458342.7981829 19.722 0.178026
2458342.7990972 19.6778 0.18206
2458342.7442014 19.6187 0.130985
2458342.7474305998 19.6757 0.146283
2458342.7511227 19.8268 0.157495
2458342.7525116 19.5993 0.175717
2458342.8055556 19.754 0.184142
2458342.7543518995 19.6892 0.14663299999999999
2458342.7538889 19.7414 0.15281
2458342.7566551003 19.6998 0.15068299999999998
2458342.7529745 19.8529 0.196022
2458342.757581 19.7731 0.141799
2458342.7594328998 19.8808 0.172969
2458342.7557407003 19.8669 0.147324
2458342.7585069 19.825 0.196405
2458342.7686574 19.8674 0.136158
2458342.7723495 19.7539 0.137389
2458342.7658796003 19.7078 0.145852
2458342.7704977 19.695 0.143343
2458342.7792593 19.6838 0.151317
2458342.7834143997 19.7664 0.19891099999999998
2458342.7880324 19.8331 0.19220299999999998
2458342.7907986 19.7052 0.17136300000000002
2458342.7898727003 19.7352 0.15848099999999998
2458342.7944907 19.7471 0.19131199999999998
2458342.7935647997 19.8106 0.18248499999999998
2458342.8027894 19.8528 0.163162
2458342.8046412 19.863 0.175319
2458342.8037153 19.7173 0.155131
2458637.9363426003 20.0384 0.181473
2458652.9418287 19.7821 0.211531
