2458372.6675231005 18.6707 0.10661500000000002
2458375.6569560003 18.5071 0.0859162
2458378.7102894 18.9262 0.0971677
2458383.6470023 18.6925 0.115066
2458386.7303935 18.7786 0.12293
2458389.7106366 18.8993 0.127032
2458461.5714467997 19.2697 0.194517
2458461.5762962997 19.3707 0.191193
2458461.5811227 19.3392 0.182104
2458465.5780207994 19.0334 0.167668
2458465.5829398 19.0613 0.17606
2458465.5878588 18.8567 0.174084
2458466.5733332997 19.1163 0.15251800000000001
2458466.578206 19.1313 0.129452
2458466.5830787 19.2462 0.154288
2458468.5822801003 19.3736 0.181748
2458468.5872222 19.576 0.206267
2458469.571875 19.0856 0.14288800000000001
2458469.5767824 19.1741 0.110301
2458469.5865972 19.1316 0.17624
2458608.9851968 19.0477 0.0832843
2458637.936794 19.2283 0.0957808
2458640.9659954 18.9612 0.06973889999999999
2458643.9762269 19.2249 0.0986337
2458646.964919 18.9068 0.06382040000000001
2458655.9587269 19.2078 0.13483
