2458451.0481713 16.5678 0.03381169999999999
2458451.0577199 16.5361 0.037316699999999994
2458451.0529398 16.5621 0.0338577
2458451.0624884 16.5349 0.037889
2458477.023044 16.4473 0.029090699999999997
2458488.0278819 16.3745 0.0326475
2458504.0015856004 16.2879 0.0619219
2458524.9620023 16.1168 0.0247606
2458543.8754167003 15.9178 0.0285992
2458560.8759375 15.7456 0.0202946
2458573.7911574 15.5518 0.0258695
2458581.8616551 15.4663 0.030286900000000002
2458584.7933332995 15.4937 0.0228134
2458593.8139236 15.6215 0.0375105
2458598.796956 15.5735 0.0290157
2458617.7525694 15.7725 0.0459644
2458634.7532639 15.9749 0.0370125
2458637.685 16.0119 0.026386700000000003
2458640.7119213 16.0421 0.0295856
2458643.7366782003 16.0453 0.0418483
2458648.6895949 16.123 0.0316585
2458651.731956 16.2364 0.0347532
2458654.6721296003 16.1728 0.033782400000000004
