2458295.7948264 17.6959 0.0506973
2458296.815787 17.7189 0.053617599999999994
2458298.814294 18.0125 0.101154
2458305.8761458 17.6645 0.049682800000000006
2458307.8778704 17.7162 0.053267300000000004
2458308.8345949 17.7211 0.0676788
2458310.8809144 17.7417 0.0650348
2458319.7732755 17.6178 0.0427052
2458320.845463 17.7166 0.044561300000000005
2458321.8465394 17.7486 0.0528827
2458322.8553472 17.8609 0.050487300000000006
2458329.8377315 17.8886 0.054736
2458332.8172685 17.6006 0.0510468
2458333.8170139 17.5891 0.05028030000000001
2458336.726169 17.5931 0.0489591
2458337.8273148 17.6277 0.0578798
2458338.7059954 17.7592 0.0574587
2458340.6884259 17.8577 0.06796239999999999
2458340.6893518995 17.9394 0.0601684
2458340.6902662003 17.9174 0.0750963
2458340.6911921003 17.9372 0.07291439999999999
2458340.6921181 17.8595 0.07334860000000001
2458340.693044 17.8486 0.0644618
2458340.6939582997 17.8643 0.0590525
2458340.6948842998 17.8702 0.058368100000000006
2458340.6958102 17.8241 0.0557254
2458340.7004282 17.8515 0.064205
2458340.6967361 17.9182 0.0579827
2458340.6976505 17.7978 0.0495634
2458340.6985764 17.8686 0.0616274
2458340.6995023 17.8474 0.0624442
2458340.7022685003 17.8475 0.058106
2458340.7013426004 17.8449 0.06265019999999999
2458340.7068866002 17.8689 0.0507033
2458340.7031944 17.8505 0.07006710000000001
2458340.7041088 17.8405 0.0679119
2458340.7087268997 17.8689 0.0619184
2458340.7059606 17.837 0.0480115
2458340.7096528 17.8337 0.0559202
2458340.7050347 17.8402 0.06267919999999999
2458340.712419 17.8838 0.0666225
2458340.7142593 17.8731 0.0490485
2458340.7078009 17.8547 0.0574124
2458340.7318055998 17.8372 0.055229099999999996
2458340.7198032 17.8735 0.065486
2458340.7336457996 17.8599 0.0652667
2458340.7253356003 17.8535 0.053645000000000005
2458340.7105671 17.9393 0.0542799
2458340.7207292 17.8952 0.0712034
2458340.7262616 17.8843 0.0668422
2458340.7114931 17.851 0.04511230000000001
2458340.7225694 17.8972 0.0493014
2458340.7234954 17.8978 0.0503168
2458340.7244097 17.8582 0.05675369999999999
2458340.736412 17.8591 0.0627301
2458340.7271875 17.8471 0.0670625
2458340.7133449 17.8391 0.061416599999999995
2458340.7299537 17.8271 0.058969299999999995
2458340.7151852003 17.8571 0.0665603
2458340.7401042003 17.8109 0.0638564
2458340.7410301003 17.8637 0.051814099999999995
2458340.7161111 17.8415 0.0535722
2458340.737338 17.8682 0.060706500000000004
2458340.7170369998 17.858 0.0618544
2458340.7179514 17.842 0.0531482
2458340.7437962997 17.8551 0.0730079
2458340.7188772997 17.8754 0.0676105
2458340.7447222 17.839000000000002 0.0746183
2458340.7456366 17.8007 0.07392130000000001
2458340.7465625 17.8544 0.0623437
2458340.7216435 17.8382 0.057964
2458340.7530324 17.8228 0.0627682
2458340.7539468 17.8408 0.0638029
2458340.7327198996 17.8301 0.0699941
2458340.7548727 17.9045 0.0705977
2458340.7557986 17.8515 0.0715317
2458340.756713 17.8667 0.071457
2458340.7281134 17.8523 0.0516191
2458340.7585648 17.8704 0.06665030000000001
2458340.7290278 17.8479 0.0523609
2458340.7613310004 17.8778 0.05700319999999999
2458340.7622569 17.8726 0.0609202
2458340.7308796 17.8672 0.0529819
2458340.7631829 17.8763 0.0511774
2458340.7640972002 17.852 0.0599452
2458340.766875 17.843 0.0649443
2458340.7677893997 17.9118 0.0712612
2458340.7687153 17.8842 0.07200119999999999
2458340.7345717996 17.8514 0.06206669999999999
2458340.7354977 17.8536 0.061420100000000005
2458340.7382639 17.8366 0.0610447
2458340.7742477003 17.8495 0.0740169
2458340.7760995 17.8413 0.0667081
2458340.7779397997 17.8809 0.058112300000000006
2458340.7391898 17.8601 0.062469000000000004
2458340.7807176 17.836 0.0683716
2458340.741956 17.8477 0.0545085
2458340.7428703997 17.8854 0.0544841
2458340.7825579 17.8627 0.0589953
2458340.7834837995 17.8468 0.06351860000000001
2458340.7474884 17.8282 0.07343960000000001
2458340.78625 17.8474 0.05575419999999999
2458340.7484143996 17.8475 0.069464
2458340.7871759 17.8677 0.0643406
2458340.7881019 17.8443 0.07126410000000001
2458340.7493403 17.9056 0.0643401
2458340.7890162 17.8733 0.08773819999999999
2458340.7899421 17.8215 0.0520635
2458340.7502546003 17.8627 0.06542519999999999
2458340.7511806 17.8757 0.0556059
2458340.7521065 17.8661 0.0520947
2458340.7945602 17.8639 0.0622793
2458340.7954745 17.8588 0.07246699999999999
2458340.7594907 17.8815 0.060394500000000004
2458340.7576389 17.8554 0.060366199999999995
2458340.7604051004 17.8594 0.063456
2458340.7650231 17.8607 0.0633783
2458340.7659491003 17.8786 0.0690592
2458340.7696412 17.8666 0.0626696
2458340.7705671 17.8615 0.0631356
2458340.7714815 17.8522 0.0617769
2458340.7724074 17.8757 0.0698017
2458340.7733332994 17.8829 0.0723414
2458340.7751736 17.8344 0.0599135
2458340.7770255003 17.8524 0.0571745
2458340.7788657 17.8488 0.0553
2458340.7797917 17.903 0.0539664
2458340.7816319 17.8686 0.062465
2458340.7844097 17.8378 0.0829519
2458340.7853241 17.8549 0.0561856
2458340.7908681 17.8884 0.054985
2458340.7927082996 17.8417 0.0589813
2458340.7917939997 17.8203 0.0605879
2458340.7936342997 17.8498 0.053858
2458340.7964005 17.8318 0.0570698
2458340.798287 17.8276 0.058169500000000006
2458341.8253472 17.8176 0.0880267
2458342.8238773 17.7416 0.0523933
2458343.820544 17.7325 0.05811759999999999
2458345.8184375 17.6105 0.059409800000000006
2458351.7284954 18.1478 0.0791201
2458353.8054514 18.0585 0.0725544
2458354.7299537 18.1109 0.0639604
2458354.7530556 18.1164 0.085788
2458354.870463 18.04 0.09660919999999999
2458356.6891551004 18.0038 0.0617815
2458356.6900694 18.0332 0.06817619999999999
2458356.7503472 17.9489 0.08340589999999999
2458356.7889005 17.9881 0.0693568
2458357.7500347 17.9252 0.06739210000000001
2458357.7705093 17.9541 0.07474299999999999
2458359.7488426003 17.9539 0.0669534
2458360.7317014 17.9742 0.0683151
2458362.687604201 17.957 0.0745683
2458363.711875 17.9691 0.0730187
2458364.6665046 17.9976 0.0556317
2458365.6701736 17.955 0.0554344
2458367.6687153 17.9113 0.059377
2458368.6708449 17.8769 0.060253499999999995
2458369.6661343 17.8753 0.0675142
2458371.6665856005 17.9479 0.064864
2458372.6670139 18.0101 0.056847
2458373.6453588 18.0972 0.0617514
2458374.666331 18.2002 0.05392280000000001
2458375.6583333 18.2554 0.0727017
2458377.6682755 18.32 0.06905700000000001
2458378.7116667004 18.2712 0.0763602
2458387.649919 18.194000000000003 0.0804034
2458388.6881019 18.2496 0.0681505
2458389.7124537 18.2833 0.0863949
2458390.7278009 18.213 0.0761693
2458430.578669 18.4124 0.0920284
2458456.5709722 18.4281 0.0833406
2458461.57 18.4693 0.09106510000000001
2458461.5748495 18.3829 0.08756389999999999
2458461.5796759 18.555 0.086411
2458461.5845139 18.4175 0.075553
2458593.9468634 18.3931 0.142973
2458601.9902315 18.364 0.0697535
2458652.9214468 18.0047 0.0669281
