2458290.7533565 18.354 0.1304
2458293.7383102 18.4539 0.101732
2458296.7354977 18.3834 0.141236
2458443.0420832997 18.4919 0.09141289999999999
2458444.0440278 18.5064 0.0813756
2458444.048831 18.4561 0.0787446
2458444.0536343 18.499000000000002 0.11078800000000001
2458444.0584491002 18.4653 0.108796
2458440.0496181 18.4753 0.0813398
2458440.0462616 18.5278 0.08823489999999999
2458440.0529861 18.5028 0.0782732
2458440.0428935 18.4999 0.0967587
2458442.045706 18.4636 0.155094
2458442.042338 18.5403 0.183969
2458442.0524306 18.5049 0.155602
2458442.0490625 18.5983 0.128894
2458449.0161806 18.4778 0.0984108
2458449.06125 18.6792 0.118274
2458466.0208912003 18.3801 0.0801758
2458469.0240856004 18.430999999999997 0.0812184
2458475.9903356005 18.337 0.08835839999999999
2458476.9929282 18.4145 0.0856757
2458503.0413889 18.1711 0.0928454
2458506.0446644 18.1982 0.09740839999999999
2458512.0407407 18.215999999999998 0.0799954
2458523.0228241 18.0119 0.0676558
2458526.9813079 18.0269 0.0987571
2458539.8561806 17.8801 0.070688
2458543.8745023 17.8363 0.07836560000000001
2458572.7974537 17.5531 0.0649594
2458583.7982755 17.658 0.04605069999999999
2458589.7556944 17.6434 0.060833500000000006
2458593.7516088 17.7162 0.0512621
2458596.7731019 17.7274 0.0503283
2458600.7752431 17.7855 0.044670800000000004
2458606.7094444 17.8446 0.0544692
2458612.7106713 17.9415 0.0663742
2458612.7097685 17.9085 0.0558928
2458634.7546181 18.134 0.06886189999999999
2458637.6831713 18.1626 0.0623446
