2458332.7925694 19.7485 0.178526
2458345.8166088 19.7394 0.13351
2458347.7118866 19.7718 0.18296500000000002
2458347.7132639 19.8842 0.191329
2458347.7151042004 19.7599 0.184024
2458347.7137268996 19.8161 0.171153
2458347.7187731 19.7853 0.162181
2458347.7173957997 19.6851 0.129383
2458347.7229051003 19.8123 0.192063
2458347.7206134 19.7233 0.162471
2458347.7155556 19.8384 0.151143
2458347.7210648 19.7224 0.158716
2458347.7169444 19.7703 0.157385
2458347.7192245 19.7703 0.184781
2458347.7265741 19.6489 0.149833
2458347.7247337997 19.7992 0.187884
2458347.7284143995 19.7372 0.143803
2458347.7261111 19.5712 0.145995
2458347.7224421003 19.8605 0.187575
2458347.7297917004 19.6563 0.131241
2458347.7302431 19.7774 0.151279
2458347.7242823998 19.8073 0.14544100000000001
2458347.7334606005 19.7549 0.159397
2458347.7353009 19.7594 0.15289
2458347.733912 19.7065 0.172711
2458347.7670023 19.6729 0.15140499999999998
2458347.7357523 19.7031 0.145204
2458347.7320832997 19.7293 0.169326
2458347.7706712997 19.6112 0.172572
2458347.7761806 19.5838 0.154646
2458347.7748032003 19.7575 0.19635999999999998
2458347.7692939998 19.7893 0.179525
2458347.772963 19.6523 0.17557799999999998
2458347.7839814997 19.6906 0.18214
2458347.7871991 19.6786 0.193826
2458347.7931712996 19.6516 0.149023
2458347.791331 19.8672 0.195623
2458347.8096991 19.753 0.207341
2458347.8110764 19.6812 0.168052
2458347.8000578997 19.6631 0.16955599999999998
2458347.8133681 19.6337 0.135214
2458347.8055671 19.6961 0.133249
2458347.8041898 19.8611 0.150869
2458347.7950116 19.7696 0.183279
2458347.7968403 19.6919 0.144004
2458347.8078587996 19.8001 0.195359
2458347.8074073996 19.78 0.201383
2458347.817037 19.7047 0.150575
2458347.8005207996 19.7326 0.163599
2458347.824375 19.6486 0.198027
2458347.8037384 19.6494 0.14133800000000002
2458347.8151968 19.7725 0.168128
2458347.8060301 19.666 0.174645
2458347.8092361 19.7047 0.158959
2458347.8115278 19.7464 0.164678
2458347.8257639 19.6667 0.164516
2458347.8147453996 19.7446 0.15307300000000001
2458347.8165856004 19.8503 0.18363800000000002
2458347.8202546 19.8401 0.179358
2458347.8188773 19.8055 0.174062
2458347.8225462995 19.7679 0.15191300000000002
2458347.8239236 19.5098 0.145956
2458348.721412 19.842 0.21005900000000002
2458348.7227894 19.8394 0.173371
2458348.725081 19.840999999999998 0.167373
2458348.7232407 19.6927 0.178489
2458348.7246296 19.7735 0.13586700000000002
2458348.7282986 19.8054 0.186899
2458348.7269213 19.7831 0.169212
2458348.7264698995 19.7242 0.13692000000000001
2458348.7338079 19.7668 0.165848
2458348.7305903 19.8664 0.156799
2458348.7342593 19.7078 0.153392
2458348.7319676 19.91 0.17568699999999998
2458348.7379282 19.6472 0.15951500000000002
2458348.7374768998 19.6706 0.15328
2458348.7393056 19.8081 0.201783
2458348.8 19.8597 0.14723599999999998
2458348.8169907 19.8819 0.18849100000000002
2458348.8146991003 19.7607 0.130223
2458348.8238889 19.7202 0.140752
2458348.7931019 19.7862 0.141683
2458348.8022917 19.7483 0.148782
2458348.8018287 19.7862 0.165163
2458348.8091782 19.7787 0.178793
2458348.8055093 19.9084 0.142183
2458348.8114699 19.8881 0.126975
2458348.8078008997 19.8234 0.1462
2458348.8128588 19.8131 0.135244
2458348.8133102003 19.8305 0.13959100000000002
2458348.8151505003 19.9209 0.13432
2458348.8096412 19.7641 0.136802
2458348.8183681 19.7767 0.15398599999999998
2458348.8225 19.7884 0.172202
2458348.8165278 19.8417 0.133432
2458348.8261806 19.8406 0.165458
2458348.8220486 19.8418 0.148375
2458348.7122338 19.8349 0.167168
2458637.9376968 19.9677 0.160993
2458640.965081 19.9143 0.156999
2458643.9771528 19.8667 0.15276199999999998
2458646.9635417005 19.9819 0.16198099999999999
