2458298.9199537 19.0168 0.202319
2458313.8962962995 18.8767 0.09212630000000001
2458316.8530671 18.8932 0.0948203
2458319.8469213 18.9633 0.08579550000000001
2458319.8455093 18.9626 0.0900719
2458322.8923843 18.9085 0.0841279
2458326.8343056 18.8387 0.185615
2458332.8351736 18.7784 0.11316400000000001
2458338.8244213 18.8437 0.0779148
2458350.8638079 18.9574 0.0925721
2458353.7099306 18.799 0.10538199999999999
2458353.7922222 18.8335 0.11365499999999999
2458430.5862963 19.4744 0.122518
2458433.6055208 19.5285 0.182176
2458483.5826505 19.233 0.17268499999999998
2458483.5876389 19.624000000000002 0.195522
2458483.5926389 19.5591 0.19581099999999999
2458486.5832407 19.3416 0.186507
2458487.5850462997 19.2879 0.176624
2458488.5805903 19.5607 0.20616700000000002
2458635.9008681 19.5245 0.10163
2458644.9791782 19.2221 0.121128
2458650.9254051005 19.5688 0.146885
2458653.9425 19.245 0.126404
2458654.9383332995 19.4503 0.073952
2458655.935 19.1889 0.0535327
