2458448.047963 16.4378 0.04584919999999999
2458448.0530671002 16.4181 0.0418149
2458451.0481713 16.3846 0.0284121
2458451.0529398 16.3922 0.028074599999999998
2458451.0624884 16.3758 0.0381266
2458451.0577199 16.3903 0.04636780000000001
2458488.0278819 16.2472 0.0298238
2458524.9620023 15.9585 0.0232006
2458539.8751852 15.7142 0.011860899999999999
2458543.8754167003 15.7519 0.024108900000000003
2458557.8598264 15.5441 0.0183258
2458560.8759375 15.5276 0.0218801
2458568.8104977 15.5889 0.0344147
2458581.8616551 15.2604 0.0253722
2458584.7942361 15.2497 0.0315154
2458593.8139236 15.3318 0.038761500000000004
2458598.796956 15.4117 0.0316772
2458606.7304051 15.505 0.025710700000000003
2458634.7532639 15.8037 0.0323103
2458637.685 15.8445 0.028625099999999997
2458640.7119213 15.88 0.036062699999999996
2458643.7366782003 15.8983 0.0302471
2458648.6895949 15.9685 0.0292642
2458651.731956 15.9969 0.040802
2458654.6721296003 16.0117 0.040914599999999995
