2458369.6898958 17.3213 0.0416715
2458372.7957292004 17.5346 0.0412955
2458375.668287 17.4571 0.0448591
2458423.5843287003 17.9431 0.061355099999999996
2458429.5846065 17.9937 0.06580319999999999
2458430.576794 17.8855 0.07189730000000001
2458432.584537 17.8642 0.0608635
2458471.5804514 17.9056 0.214088
2458471.5853704 17.9566 0.16242
2458471.5902778 18.1146 0.149819
2458472.5845255 18.2565 0.10953199999999999
2458472.5893866 18.1943 0.06840310000000001
2458473.5751736 17.9639 0.07738819999999999
2458473.5800463 17.9956 0.08879930000000001
2458473.5849074 17.9231 0.0665196
2458473.5897685 17.9859 0.0722875
2458474.5749653 18.1473 0.0942388
2458474.5800347 18.1577 0.0855518
2458474.5851042005 18.1691 0.08605510000000001
2458474.5901619997 18.09 0.08406989999999999
2458475.5744212996 18.0568 0.0722686
2458475.5793287004 17.967 0.0758295
2458475.5842361 17.9507 0.0644909
2458475.5891551003 17.9365 0.0751347
2458482.5767014 17.9849 0.165676
2458482.5816204 18.1134 0.17486400000000002
2458482.5865509 18.1007 0.128217
2458482.5914582997 18.0738 0.161885
2458483.575625 17.9921 0.0909916
2458483.5806366 18.0879 0.09636189999999999
2458483.585625 18.1289 0.0885454
2458483.590625 18.0722 0.0574055
2458486.579375 18.1342 0.11078199999999999
2458486.5842823996 18.14 0.08861089999999999
2458486.5891898 18.0918 0.116797
2458486.5940972 18.1849 0.10988699999999998
2458652.9579861 17.7796 0.0605396
2458655.9400231005 17.9454 0.0691112
