2458289.721875 18.6302 0.117595
2458449.0170949 18.5324 0.0919304
2458449.0444907 18.7406 0.126447
2458469.0236343 18.5182 0.0812615
2458469.0240856004 18.5348 0.08164830000000001
2458488.0441551004 18.3642 0.06567680000000001
2458503.0227894 18.0258 0.05440269999999999
2458506.04375 18.1743 0.108867
2458512.0416551004 18.1671 0.0727795
2458538.8580903 18.0109 0.124036
2458539.8557292004 17.9141 0.0766284
2458543.8571759 17.711 0.0433809
2458559.7903704 17.6535 0.0605993
2458572.7965509 17.5141 0.0802474
2458572.7970023 17.5104 0.06625419999999999
2458575.7497917004 17.5046 0.05135880000000001
2458575.8717824 17.6592 0.0990505
2458580.7774074 17.756 0.0542062
2458580.7778588 17.7173 0.0574636
2458583.7541319 17.727999999999998 0.0600384
2458583.7744907 17.7501 0.0658647
2458586.7153241 17.8644 0.0635048
2458586.7308565 17.8578 0.05796849999999999
2458592.7528009 17.6925 0.089102
2458592.7547801 17.5973 0.0972783
2458592.7537847 17.5826 0.0586807
2458596.752338 17.7006 0.0565461
2458602.7332292004 17.9482 0.176041
2458608.7127546 17.9388 0.0703028
2458608.7325810003 17.9701 0.049779199999999996
2458637.6822569 18.2029 0.056165099999999996
2458640.713287 18.2524 0.0720025
2458643.7389583 18.3696 0.09536839999999999
2458647.7371412003 18.3353 0.101547
2458654.6735069 18.2435 0.080118
