2458292.7343403 19.3816 0.18561
2458295.7347685 19.3375 0.134902
2458298.7566319 19.3224 0.172573
2458457.0646528 19.5553 0.21266999999999997
2458458.0544792004 19.5574 0.195696
2458458.0632060003 19.5529 0.203828
2458509.0191088 19.3489 0.200625
2458523.0443981 19.2984 0.12406700000000001
2458539.8580324 18.9315 0.19718
2458560.9187153 18.903 0.09523229999999999
2458575.914294 18.8678 0.0829087
2458580.8936921 18.7376 0.0930245
2458583.8527662004 18.8013 0.12219400000000001
2458589.7977315 18.5385 0.157055
2458596.8320255 18.7809 0.104361
2458599.9600810003 18.8008 0.060240499999999995
2458606.8393403 18.7858 0.07945260000000001
2458612.8378819 18.7059 0.07463
2458616.7962731 18.811 0.09934950000000001
2458632.7839352 18.8569 0.09926289999999999
2458633.8010995 18.9576 0.093707
2458635.7688194 18.9996 0.08370520000000001
2458636.7277315 18.871 0.102363
2458639.7757407003 19.0162 0.104501
2458642.7545023 18.9839 0.0854721
2458645.7755324 19.1725 0.15091400000000002
2458648.7102315 18.8363 0.167929
2458651.7521875 19.0773 0.176861
