2458288.7503588 18.1125 0.058686
2458294.7329514 18.1441 0.055474
2458297.7531366 18.121 0.0737184
2458300.678912 18.1813 0.0659962
2458448.0503935004 18.3 0.180988
2458448.0606134 18.445 0.190598
2458450.0456944 18.2637 0.0846143
2458450.0556481 18.2592 0.0805851
2458450.0475926003 18.2783 0.12234600000000001
2458450.0506713 18.2145 0.0898722
2458450.0525694 18.3174 0.0763033
2458450.0575463 18.2961 0.0830592
2458450.0606366 18.287 0.105405
2458450.0625347 18.1854 0.105216
2458450.0383681 18.3247 0.09512000000000001
2458451.0462731 18.1899 0.09701069999999999
2458451.0534606003 18.3168 0.0958952
2458451.0486806 18.4393 0.09148389999999999
2458451.0510532 18.3381 0.0711717
2458451.0558332996 18.3245 0.0859215
2458451.0582407 18.3165 0.11172
2458451.0606134 18.3014 0.106965
2458451.0630093 18.2614 0.112349
2458457.0665741 18.2839 0.09170249999999999
2458457.0570023 18.1052 0.178085
2458457.0617939997 18.3173 0.0734734
2458458.0540162004 18.2017 0.11445
2458458.0603472 18.28 0.0969752
2458458.0651273 18.13 0.11198599999999999
2458477.0244097 18.2562 0.09136430000000001
2458477.0389468 18.333 0.0896778
2458488.0473611 18.1879 0.0637658
2458506.0478588 18.0669 0.08592269999999999
2458509.0195718 18.0805 0.07548339999999999
2458513.0244444 18.0387 0.0814731
2458523.0434838 17.9887 0.049176199999999996
2458539.8728356003 17.8897 0.0628087
2458557.9182755 17.6444 0.050916
2458560.8993287003 17.6112 0.07069910000000001
2458572.8623843 17.5688 0.0591962
2458580.895081 17.507 0.051664800000000004
2458586.8343981 17.4993 0.0506352
2458589.8335532 17.6112 0.133171
2458596.794294 17.4743 0.0486835
2458599.9799306 17.4287 0.0367999
2458601.8072685003 17.475 0.039713099999999994
2458606.8029745 17.4562 0.038968199999999995
2458612.8388079 17.4737 0.0527635
2458616.7967245 17.5359 0.0462917
2458619.8188194 17.4233 0.08910449999999999
2458637.7076736 17.7869 0.0615927
2458640.7331366 17.775 0.0555329
2458643.7347569 17.7963 0.059585400000000004
2458648.6905324 17.88 0.09561289999999999
2458654.691979201 17.9189 0.05645309999999999
