2458449.0166319 18.8551 0.108244
2458449.0449421 18.9672 0.148918
2458449.9907176 18.6783 0.175569
2458466.0190625 18.8858 0.10313499999999999
2458469.0263773 18.926 0.089276
2458474.983044 18.9933 0.176229
2458476.9869444 18.7379 0.0934383
2458487.0033565 18.8113 0.0932784
2458492.0475116 18.7276 0.0944357
2458493.9778241003 18.6394 0.0689977
2458495.0485069 18.6055 0.0707335
2458506.0442014 18.5383 0.120663
2458512.0411921 18.5942 0.0966843
2458524.9544329 18.2584 0.0734319
2458526.9817593 18.4035 0.099971
2458540.805706 18.0327 0.065932
2458557.895544 17.9938 0.0655424
2458560.8579398 18.0309 0.0638715
2458575.8717824 17.8164 0.14461400000000002
2458580.7778588 17.9811 0.07800739999999999
2458580.8475 18.0095 0.0590508
2458582.7644329 18.0502 0.0583707
2458583.7744907 18.0338 0.07602189999999999
2458586.7317593 18.0828 0.0651056
2458589.7546991003 18.0504 0.08687819999999999
2458592.7561343 18.1264 0.138214
2458593.7793056 18.0728 0.0799223
2458596.7528009 18.1912 0.06686439999999999
2458597.7473611 18.1176 0.05840259999999999
2458606.7066204 18.2656 0.0481195
2458608.7316204 18.3179 0.0710729
2458612.7102199 18.3376 0.06309980000000001
2458633.7012037 19.0571 0.0881805
2458637.6836227 18.6338 0.0709661
2458643.7398611 18.5665 0.0729468
2458647.7344329 18.6187 0.131003
2458650.7502546003 18.9317 0.158462
