2458342.7179051004 20.3664 0.19792200000000001
2458342.718831 20.211 0.180057
2458342.7132986 20.3448 0.20708000000000001
2458342.7289815 20.1155 0.15616300000000002
2458342.7326736 20.2215 0.19375499999999998
2458342.7317477 20.2504 0.190995
2458342.7345139 20.1461 0.185775
2458342.7354397997 20.1919 0.197804
2458342.7363657 20.2277 0.192761
2458342.738206 20.1663 0.152436
2458342.7437384 20.1773 0.167505
2458342.7252893997 20.2453 0.188816
2458342.7271296 20.0632 0.177927
2458342.7492823997 20.0825 0.189861
2458342.7483564997 20.2667 0.20363900000000001
2458342.7511227 20.1567 0.189579
2458342.7529745 20.1389 0.196156
2458342.7557407003 19.9919 0.177582
2458342.7308218 20.1047 0.163759
2458342.7612731005 20.0699 0.184563
2458342.7797222002 20.0976 0.175548
2458342.7806481 20.1731 0.183478
2458342.7418981004 20.1414 0.178535
2458342.7889468 20.1769 0.174726
2458342.7954051 20.1999 0.208006
2458342.7474305998 20.1568 0.196164
2458342.7502082996 20.0614 0.145288
2458342.7548148 20.1295 0.160603
2458342.7566551003 20.1767 0.159702
2458342.757581 20.0584 0.171741
2458342.7585069 20.1243 0.143708
2458342.7538889 20.0093 0.177103
2458342.7640393996 20.1534 0.184572
2458342.7621991 20.229 0.172111
2458342.7603472 20.2921 0.19013
2458342.7658796003 20.1646 0.15898199999999998
2458342.7695718 20.1281 0.146199
2458342.7714236 20.1385 0.173566
2458342.7741898 20.3723 0.191702
2458342.7751157 20.1638 0.171647
2458342.7824884 20.1503 0.18304600000000001
2458342.7861806 20.1732 0.19201500000000002
2458342.7834143997 20.1236 0.183157
2458342.7880324 20.0805 0.160866
