2458292.8145833 16.3767 0.0376469
2458293.8142361 16.3366 0.044885900000000006
2458294.8143866 16.3254 0.0309236
2458295.793912 16.4208 0.0500904
2458296.8153356 16.3249 0.0430466
2458303.8347338 16.3955 0.0481056
2458304.8545023 16.3969 0.0486237
2458304.8573148 16.3717 0.0423808
2458305.8562384 16.4255 0.0337579
2458315.8361227 16.454 0.0450724
2458319.7718981 16.3193 0.04291319999999999
2458320.7728472 16.4049 0.041147300000000005
2458321.7741204 16.4531 0.0454286
2458330.8336227 16.477999999999998 0.044153500000000005
2458334.8396875 16.4492 0.04637569999999999
2458336.7275347 16.6084 0.0302247
2458338.6912731 16.5833 0.0361344
2458340.6736574 16.5139 0.0469126
2458353.8063657 16.6752 0.0472511
2458354.6885995 16.6579 0.0241226
2458356.7722569 16.6702 0.0411842
2458357.6891898 16.7653 0.0426928
2458359.7493056 16.7001 0.0565193
2458362.6682986 16.7783 0.0302257
2458364.6674537 16.7377 0.0401455
2458365.670625 16.8326 0.031145999999999997
2458369.6665972 16.7918 0.0387754
2458371.667037 16.7496 0.034342000000000004
2458372.6665625 16.7861 0.0417283
2458373.6449073995 16.8507 0.0339887
2458386.7309028 16.9438 0.053012699999999996
2458387.6077778 17.0744 0.042625199999999995
2458389.7120023 17.1239 0.04517480000000001
2458425.5860301005 17.0251 0.054132799999999995
2458456.5690625 16.9944 0.0552114
2458456.5739352 16.9478 0.0583433
2458461.57 17.0051 0.0380879
2458461.5748495 16.9513 0.0465468
2458461.5796759 16.9561 0.0410098
2458461.5845139 16.9482 0.0519636
2458602.0016782 16.7519 0.0498416
2458607.9849074 16.6743 0.03946090000000001
2458634.922338 16.5533 0.0356988
2458637.9222685 16.5276 0.03921090000000001
2458652.9209954 16.3889 0.033729300000000004
