2458293.7383102 18.7454 0.133247
2458296.7354977 18.8398 0.132386
2458450.0466203997 18.8918 0.15186
2458450.0565741 18.8842 0.133075
2458450.039294 18.8212 0.124678
2458451.0477082995 18.8413 0.11354700000000001
2458451.0572685003 18.8336 0.117112
2458451.0524883997 18.9421 0.11982000000000001
2458451.062037 18.9733 0.182419
2458477.0234954 18.7762 0.10544400000000001
2458481.0434838 18.8693 0.156751
2458539.8742708 18.3423 0.0895212
2458560.8763889 18.1312 0.0618933
2458568.8153125 17.9558 0.135043
2458581.8621065 17.8684 0.08215189999999999
2458584.8137037004 17.9444 0.0551283
2458593.814375 17.9227 0.08237919999999999
2458596.7925926005 17.9681 0.06270830000000001
2458634.7528009 18.4235 0.056852
2458637.6899306 18.4696 0.05317080000000001
2458640.732662 18.455 0.0592239
2458643.7342823995 18.4792 0.05812230000000001
2458648.6900463 18.3481 0.129854
2458654.6716667004 18.4177 0.110799
