2458296.817662 18.3795 0.0889706
2458297.8343056 18.468 0.146045
2458298.8366667004 18.3947 0.127211
2458301.8568981 18.4544 0.11171500000000001
2458302.8558796 18.6739 0.122198
2458303.8365625 18.3654 0.08554919999999999
2458304.8591435 18.3413 0.059792399999999996
2458305.8567361 18.4547 0.10783599999999999
2458306.8571759 18.514 0.08211669999999999
2458307.8783333 18.4838 0.0756966
2458308.8355324 18.3428 0.10536300000000001
2458320.8594213 18.4623 0.05210259999999999
2458321.8474537004 18.5146 0.06723789999999999
2458322.8567477 18.4172 0.0713047
2458323.7519097 18.4149 0.102413
2458324.7308796 18.5011 0.09478869999999999
2458333.7902315 18.4974 0.0576015
2458333.7975347 18.5727 0.0702416
2458333.7934259 18.4572 0.0637336
2458333.8039352 18.5118 0.0855702
2458333.7989005 18.5315 0.060420299999999996
2458333.8057522997 18.637 0.074019
2458333.8053009 18.5575 0.0893035
2458333.8030093 18.5031 0.109298
2458333.8034722 18.5519 0.07360139999999998
2458333.8007292002 18.5213 0.0599602
2458333.8048495 18.6093 0.114328
2458334.6906133997 18.5014 0.0778349
2458334.6915394 18.524 0.05587999999999999
2458334.7219907003 18.4948 0.0468193
2458334.7229167004 18.535999999999998 0.048855699999999995
2458334.7081481004 18.4859 0.0605114
2458334.7238426004 18.5289 0.055200900000000004
2458334.7376852003 18.5395 0.0585653
2458334.7450579 18.5354 0.055675800000000004
2458334.7173842997 18.4983 0.0561222
2458334.7413772997 18.5057 0.0541999
2458334.7524421 18.6598 0.07742
2458334.7552082995 18.7611 0.124175
2458334.7598264 18.557000000000002 0.103101
2458334.7607523 18.6288 0.0682128
2458334.7192245 18.4439 0.0592014
2458334.7210648 18.5039 0.051849
2458334.7266088 18.5472 0.051811
2458334.7745948997 18.5212 0.0514615
2458334.7275347 18.5994 0.0408131
2458334.7838310003 18.5061 0.046742900000000004
2458334.7847454 18.5521 0.0493831
2458334.7247569 18.5363 0.06954980000000001
2458334.7312268997 18.5354 0.0458184
2458334.7284491 18.5337 0.055108500000000005
2458334.7865972 18.4949 0.0536994
2458334.7819792004 18.5039 0.0661657
2458334.729375 18.5581 0.0603143
2458334.7303009 18.5054 0.058887300000000004
2458334.7321412005 18.5415 0.0701188
2458334.7339931 18.4845 0.0654931
2458334.7358333 18.5539 0.0513768
2458334.74875 18.5885 0.0578741
2458334.7496758997 18.6098 0.047749599999999996
2458334.7469097 18.5569 0.057118100000000005
2458334.7506019 18.6632 0.0805048
2458334.7395255 18.4906 0.0575999
2458334.7385994997 18.5148 0.05182769999999999
2458334.7533681 18.6687 0.0924718
2458334.7561343 18.7227 0.11141500000000001
2458334.7459838 18.5384 0.053853599999999995
2458334.7579861 18.5872 0.09490180000000001
2458334.7570602 18.7363 0.111799
2458334.7589005 18.6447 0.0844276
2458334.7727431 18.5591 0.05935830000000001
2458334.779213 18.5385 0.0546078
2458334.7810532004 18.6024 0.06639880000000001
2458334.7755207997 18.5738 0.045958099999999995
2458334.7764467997 18.5369 0.07078419999999999
2458334.7773611 18.5383 0.050074
2458334.7829051004 18.5515 0.0614642
2458334.7801389 18.5348 0.06930610000000001
2458334.778287 18.5182 0.059199400000000006
2458334.7856713 18.5521 0.052315499999999994
2458334.7875231 18.5193 0.0507995
2458334.7902893997 18.5446 0.05384730000000001
2458334.7884375 18.5241 0.04528769999999999
2458334.7967477003 18.5365 0.0576438
2458334.7912037005 18.5344 0.056716699999999995
2458334.7893634 18.5091 0.0547622
2458334.7976736 18.5122 0.0552759
2458334.7921296 18.5215 0.051328399999999996
2458334.7930556 18.5385 0.061492200000000004
2458334.7939815 18.5145 0.0573264
2458334.7985880002 18.5752 0.0794394
2458334.8567245 18.6234 0.0550038
2458338.7064468 18.6039 0.058550300000000007
2458340.8010301003 18.503 0.0707321
2458341.8244329 18.4664 0.0897049
2458342.8248032 18.5538 0.06936160000000001
2458345.8211921 18.5743 0.0912919
2458348.7140625 18.6432 0.11098499999999999
2458350.688588 18.7239 0.099963
2458351.7271181 18.5932 0.0776174
2458352.7750694 18.6065 0.116876
2458353.6886921003 18.7259 0.122369
2458353.7916667005 18.6348 0.10963699999999998
2458356.6896065 18.7285 0.10535699999999999
2458356.7727546003 18.5588 0.115951
2458362.6871528 18.6813 0.10572999999999999
2458363.7114236 18.7167 0.0776421
2458364.6669676 18.6781 0.0685484
2458365.6697222 18.7436 0.08003919999999999
2458366.6820023 18.8239 0.08929630000000001
2458367.6682639 18.7601 0.0666008
2458369.6698032003 18.899 0.0885284
2458370.6479167 18.7948 0.08613760000000001
2458371.6684143995 18.6398 0.0870283
2458380.7471065 18.7549 0.113902
2458385.6886921003 18.7931 0.118824
2458386.6893981 18.7866 0.125339
2458387.649919 18.7607 0.122079
2458390.7278009 18.7808 0.114024
2458428.6025694 18.9931 0.101077
2458425.5864815 18.8992 0.09659680000000001
2458430.5886458 19.1906 0.11866199999999999
2458461.5777431 19.1346 0.134298
2458461.582581 19.1876 0.133961
2458461.5874074 19.1169 0.10808800000000002
2458466.5718171 19.0527 0.149957
2458466.5766898 19.1257 0.166854
2458466.5864352 18.9555 0.13226400000000002
2458468.5812847 19.1707 0.14887899999999998
2458468.5862384 18.9004 0.139432
2458469.5708796 19.1084 0.153224
2458469.5757986 18.9657 0.13031500000000001
2458469.5856133997 18.9243 0.0981784
2458601.9902315 18.9703 0.0855054
2458634.9367477 18.8508 0.09320360000000001
2458637.9358912003 18.8016 0.0807227
2458643.9767014 18.7201 0.07921349999999999
2458646.9639931 18.742 0.08970689999999999
