2458322.8970255 18.3749 0.05363919999999999
2458325.9666782003 18.362000000000002 0.0607573
2458334.8684954 18.1394 0.050111
2458337.852963 18.21 0.0610957
2458340.8781713 18.2854 0.0955595
2458343.8374653 18.0934 0.0612177
2458346.8082986 18.0657 0.06470509999999999
2458349.8149884 18.0629 0.0728266
2458352.7975694 18.1323 0.0669198
2458360.7963426 18.0584 0.06622610000000001
2458363.7711227 18.0053 0.05323580000000001
2458369.8662963 18.1874 0.046810500000000005
2458372.799838 18.119 0.048663099999999994
2458375.8413079 18.1544 0.06805800000000001
2458378.7737037004 18.1458 0.0760425
2458380.771331 18.1973 0.0739245
2458472.5937963 19.002 0.139515
2458490.587037 18.9971 0.196176
2458490.5918403 19.0852 0.173228
2458490.5966319 18.9224 0.203483
2458491.5887847 19.0169 0.14949500000000002
2458491.5936573995 18.8954 0.105125
2458491.5985301 18.9839 0.145977
2458652.9561343 18.9225 0.110007
2458655.9427431 19.0887 0.19256099999999998
