2458293.7378472 18.1768 0.09030410000000001
2458443.0420832997 18.2109 0.0890545
2458443.046979201 18.1903 0.0926148
2458443.0518634 18.2513 0.07122080000000001
2458443.0567707997 18.2932 0.0751622
2458444.0430787 18.2413 0.0915927
2458444.0440278 18.2882 0.0762681
2458444.0478819 18.3206 0.0834819
2458444.048831 18.2928 0.07656260000000001
2458444.0526852002 18.2287 0.06803150000000001
2458444.0536343 18.3213 0.0736174
2458444.0575 18.2897 0.0767858
2458444.0584491002 18.3694 0.099471
2458442.042338 18.0711 0.13638499999999998
2458442.0524306 18.2697 0.151926
2458442.0490625 18.0877 0.126
2458442.045706 18.1167 0.115712
2458448.0530671002 18.1037 0.11960499999999999
2458450.0466203997 18.2777 0.0895669
2458450.0515972 18.2377 0.104999
2458450.0615625 18.1946 0.101948
2458450.0565741 18.1801 0.07685750000000001
2458450.039294 18.2107 0.0962066
2458450.0397454 18.264 0.0895687
2458451.0572685003 18.1582 0.07342489999999999
2458451.0477082995 18.2151 0.0795827
2458451.062037 18.1442 0.0953885
2458451.0524883997 18.1655 0.087296
2458475.9898727 18.2452 0.08920789999999999
2458477.0106829 18.2105 0.0740432
2458524.9615394 17.7342 0.051450199999999995
2458539.8747338 17.7344 0.053858500000000004
2458543.8749653 17.6518 0.062266800000000004
2458557.859375 17.623 0.0344543
2458561.8554514 17.5531 0.0660873
2458572.8562269 17.4756 0.0550977
2458575.8745139 17.3844 0.101528
2458580.8451852 17.3645 0.0466932
2458583.814375 17.3592 0.048222900000000006
2458586.8315394 17.4434 0.0626908
2458589.7565972 17.4784 0.059288
2458589.7556944 17.4702 0.0507639
2458593.7516088 17.5118 0.06843889999999998
2458596.7731019 17.5272 0.054957000000000006
2458600.7752431 17.4948 0.0671224
2458612.7106713 17.5545 0.0455901
2458634.7550694 17.9685 0.062393
2458637.6913426 17.8388 0.047805400000000005
2458640.7150926003 17.8743 0.0424187
2458643.7362268995 17.9201 0.0513025
2458647.7335185003 18.014 0.06182909999999999
2458653.6852431 18.0388 0.0750008
