2458451.0548611 17.767 0.0678582
2458451.0453125 17.8686 0.0812672
2458451.0500926003 17.8366 0.07230139999999999
2458451.0596412 17.8409 0.0824572
2458457.0631828997 17.9371 0.129414
2458458.0506366002 17.8273 0.0697969
2458458.0554167004 17.8325 0.0537773
2458458.0617477 17.9112 0.0667583
2458458.0665278 17.7238 0.109072
2458462.0523957997 17.9263 0.0768783
2458462.0571412 18.3521 0.177949
2458462.061875 18.3102 0.167209
2458462.0666319 17.8999 0.0774322
2458466.0573032 17.8373 0.0544082
2458466.0621991 17.8235 0.056851099999999995
2458466.0719907 17.7873 0.0712559
2458466.0670948997 17.8451 0.0534606
2458465.0646181 17.7581 0.0715255
2458465.0694560003 17.8446 0.0793858
2458465.0549537004 17.8614 0.06542519999999999
2458465.0597917004 17.8626 0.09419910000000001
2458509.0200231 17.7487 0.0577394
2458513.0239815 17.6057 0.09598789999999999
2458527.0026042005 17.6027 0.054718899999999994
2458540.8354398 17.4153 0.0505134
2458557.9177894 17.3248 0.038164300000000005
2458560.8772917003 17.2355 0.0393258
2458584.8613657 16.982 0.042285
2458591.8759838 17.0304 0.0468845
2458597.8589699 16.9278 0.0379995
2458606.8048264 17.0571 0.0375845
2458637.7058681 17.2694 0.048215100000000004
2458640.7316898 17.2109 0.0432299
2458643.7320139 17.2317 0.052974
2458649.7115741 17.4226 0.07246419999999999
2458652.7732986 17.4002 0.0638074
2458655.6891551004 17.451 0.0428051
