2458296.7354977 18.2858 0.10522100000000001
2458443.0420832997 18.2936 0.0571526
2458443.0518634 18.3435 0.0841148
2458443.0567707997 18.3828 0.09642039999999999
2458444.0440278 18.3123 0.0619928
2458444.0454861 18.2264 0.0701176
2458444.048831 18.2517 0.06661399999999999
2458444.0502894 18.2662 0.0862907
2458444.0536343 18.320999999999998 0.0781542
2458444.0550926 18.242 0.0683166
2458444.0584491002 18.22 0.0963918
2458444.0599189997 18.2423 0.09351269999999999
2458440.0529861 18.3297 0.1043
2458440.0462616 18.3305 0.0798535
2458440.0496181 18.3497 0.085031
2458440.0428935 18.2334 0.0753343
2458442.0524306 18.2587 0.12061
2458442.042338 18.2444 0.109374
2458442.045706 18.2441 0.10177
2458449.0161806 18.233 0.0807854
2458449.06125 18.2678 0.0820625
2458475.9903356005 18.1403 0.08281160000000001
2458476.9929282 18.1789 0.0807904
2458488.0446181 18.1123 0.0665774
2458492.0488773 18.1491 0.0735225
2458493.9941204 18.1147 0.056911699999999996
2458495.0494213 18.0544 0.059164999999999995
2458506.0451157 18.0041 0.0825419
2458524.9557986 17.819000000000003 0.051855399999999996
2458523.023287 17.7723 0.0784818
2458538.9613542003 17.7181 0.135451
2458559.7723843 17.5201 0.0538655
2458572.7979051 17.4578 0.0635078
2458572.8571644 17.4796 0.061555399999999996
2458575.8736111 17.4768 0.10318499999999999
2458580.8268287 17.4237 0.040920099999999994
2458582.7695602 17.4613 0.0452573
2458586.831088 17.4506 0.0565586
2458589.7497685 17.4902 0.06676230000000001
2458589.7561457995 17.5503 0.0572594
2458592.7722454 17.5098 0.07857639999999999
2458593.8213542 17.5391 0.0634907
2458596.7559954 17.5683 0.05660509999999999
2458597.74875 17.5713 0.0460514
2458600.7756829 17.5888 0.0651657
2458602.7553588 17.5613 0.048912199999999996
2458606.7075347 17.6615 0.0493551
2458612.7497338 17.6489 0.0639199
2458616.6679745 17.6561 0.0757068
2458633.7053009 17.8489 0.0495821
2458639.674375 17.9054 0.0619401
2458642.7246759 17.9203 0.0503775
2458647.7339699 18.011 0.0789503
