2458449.0166319 18.6804 0.0858595
2458449.0449421 18.6044 0.105749
2458466.0204282003 18.5146 0.0770753
2458469.0259144 18.4898 0.0925205
2458472.0453819 18.5656 0.06703150000000001
2458474.9983796 18.5998 0.104247
2458476.9727778 18.3803 0.08220269999999999
2458476.9869444 18.4134 0.07201089999999999
2458524.9539699 18.0809 0.06191459999999999
2458523.0242014 17.9159 0.0571515
2458526.9817593 17.9351 0.107923
2458526.9854282 17.916 0.07385189999999998
2458547.8116782 17.8381 0.0568518
2458559.7890162 17.7001 0.052117899999999995
2458572.7970023 17.6768 0.060192499999999996
2458575.8717824 17.7411 0.0852416
2458580.7778588 17.7231 0.0669596
2458583.7726273 17.7277 0.045446
2458586.7308565 17.8135 0.058936199999999994
2458592.7537847 17.9238 0.08282769999999999
2458596.752338 17.909000000000002 0.056196699999999995
2458608.7325810003 18.1013 0.0579269
2458639.675787 18.4051 0.0690321
2458642.7137616 18.3693 0.06745239999999998
2458647.7371412003 18.5094 0.11059300000000001
2458650.7489005 18.4042 0.106097
