2458430.0221759 17.3161 0.0467516
2458433.0383449 17.3596 0.044307400000000004
2458472.9440509 17.1502 0.043272500000000005
2458476.9699884 16.9603 0.0414719
2458481.917338 16.9535 0.043274099999999996
2458482.0045949 17.0437 0.0371415
2458487.000104201 16.9642 0.0405351
2458493.9732407 16.8419 0.034038900000000004
2458494.9573148 16.85 0.0335346
2458503.0033333 16.7606 0.0325245
2458514.9027082995 16.5939 0.110526
2458538.7343056 15.9756 0.19431199999999998
2458538.747963 16.3365 0.0650744
2458543.7549884 16.4856 0.052006100000000006
2458556.7113079 16.6071 0.0282744
2458581.7343171 16.811 0.0339663
2458584.6859722 16.827 0.0298029
2458591.8356481004 16.7759 0.054491099999999994
2458594.6546065 16.8719 0.032065300000000005
2458598.687037 16.8766 0.0369888
2458601.7593866 16.8259 0.0363635
2458605.6640509 17.0459 0.0318488
2458608.7173032 16.8955 0.0390254
