2458430.9826505003 19.6376 0.13100599999999998
2458441.0237384 19.6916 0.150068
2458447.9821991003 19.590999999999998 0.19969
2458462.0397685003 19.4549 0.12413099999999999
2458462.0448495 19.4277 0.129147
2458469.0421181 19.4219 0.0881008
2458465.0449769 19.5563 0.143709
2458472.0431019 19.3751 0.132438
2458474.9993287004 19.3229 0.144137
2458476.9648957998 19.551 0.14046199999999998
2458476.9464931 19.527 0.154918
2458482.0069097 19.2348 0.125252
2458482.0073727 19.2078 0.128208
2458482.0215046 19.1011 0.13560899999999998
2458486.9826157 19.2898 0.0873796
2458492.0260764 19.4254 0.164626
2458493.9428472 19.1846 0.0963207
2458493.9668403 19.0581 0.0682202
2458494.9395718 19.0239 0.0847172
2458503.0264583 19.0274 0.170516
2458508.9623148 18.9153 0.106591
2458508.9756481005 19.009 0.202929
2458511.8802199 19.076 0.08168020000000001
2458513.9248148 19.0047 0.0771981
2458513.9243519 19.0473 0.0653393
2458513.9234375 18.8848 0.0783033
2458540.7411343 19.4762 0.09730839999999999
2458558.6810069 18.7049 0.122299
2458559.7532523 18.8674 0.10666600000000001
2458572.7770718 18.8871 0.137933
2458582.7225347 19.0636 0.08602739999999999
2458583.760081 19.0049 0.08572289999999999
2458586.689838 19.109 0.17525
2458593.7680787 19.1218 0.150353
2458594.6564468 19.1819 0.0888799
2458597.7432523 18.9718 0.09790739999999999
2458597.8483912004 19.0441 0.135277
2458601.7603009 19.2996 0.106271
2458608.7154861 19.214000000000002 0.112205
2458612.6943866 19.2016 0.0952666
2458618.7697685 19.2459 0.17130499999999999
2458634.6706944 19.4398 0.0980998
2458637.6776852 19.5771 0.132176
2458640.7215046003 19.3608 0.10824600000000001
