2458288.7494329 18.447 0.0834453
2458292.7366435 18.8001 0.093922
2458295.7404282 18.7318 0.11031800000000001
2458298.758044 18.8028 0.137727
2458304.6801505 18.5404 0.0769132
2458311.6767708 18.8541 0.08319
2458440.0491087995 18.5537 0.0925904
2458440.0524768997 18.5095 0.0953575
2458440.0457523 18.5332 0.12803
2458440.0423843 18.5595 0.111783
2458442.0418403 18.5356 0.192156
2458442.0451968 18.4615 0.109499
2458442.0485648 18.4056 0.149726
2458450.0379051003 18.5464 0.07760739999999999
2458475.9926157 18.4511 0.09875419999999999
2458477.0194792 18.4593 0.0728946
2458481.0468287 18.467 0.098726
2458482.0199884 18.4671 0.0841268
2458509.0034606005 18.3118 0.08065560000000001
2458523.0453125 18.1842 0.069361
2458527.0072338 18.2626 0.0765046
2458534.9607523 18.095 0.126155
2458538.9809143995 18.046 0.080407
2458541.9818171 18.6789 0.0891063
2458575.9152546003 17.8531 0.0512215
2458580.8300579 17.7969 0.0685728
2458580.8941782 17.8592 0.07034760000000001
2458586.8163889 17.8508 0.0542261
2458589.733912 17.7787 0.09891439999999999
2458593.8096991 17.8259 0.0474065
2458594.8568981 17.8114 0.0629319
2458597.854919 17.7916 0.06800650000000001
2458602.7963773 17.7434 0.0517366
2458606.7486458 17.9018 0.0592562
2458617.7682176004 17.917 0.07146419999999999
2458619.8201852003 17.99 0.13162000000000001
2458633.8024537005 18.1371 0.0697233
2458634.8059259 17.9982 0.0621271
2458636.7249884 17.975 0.0429008
2458638.7458102 18.0684 0.0618289
2458639.7771065 17.9981 0.0784716
2458642.7323032003 18.0002 0.057405899999999996
2458645.7785301004 18.0894 0.0627523
2458648.7120486 18.2075 0.0881584
2458651.7504282 18.0925 0.0675544
2458654.6933912 18.2183 0.07552239999999999
