2458444.0474306 19.7814 0.18593099999999999
2458444.0570486 19.5191 0.20873699999999998
2458439.0443866 19.6028 0.198046
2458477.0239583 19.59 0.184064
2458488.0455324 19.7294 0.130551
2458539.8733332995 19.1902 0.17995999999999998
2458556.9186111 19.0723 0.146372
2458575.8938426003 18.8292 0.16234
2458580.8559028 18.8827 0.0904253
2458586.8324768995 18.8478 0.0986341
2458593.7783333 18.8604 0.175276
2458596.7740046 18.8667 0.0936762
2458606.7108333 19.0212 0.0821153
2458608.7712384 18.9552 0.0661707
2458633.6647453997 19.2886 0.129631
2458633.7071181 19.1375 0.126005
2458636.7032639 19.3523 0.106999
2458637.6640162 19.3609 0.116743
2458639.6716667004 19.2557 0.113451
2458642.7251389 19.2594 0.102852
2458647.7330556 19.2266 0.16812
2458653.6706829 19.3532 0.14369400000000002
