2458466.0176968 19.908 0.182376
2458487.0182523 19.7122 0.13578199999999999
2458493.9955324 19.8024 0.12281700000000001
2458493.9959838 19.7863 0.124544
2458495.0503588 19.7969 0.159022
2458513.96125 19.7119 0.197622
2458524.9567593 19.5622 0.120948
2458523.0237384 19.6136 0.11664300000000001
2458540.8095023 19.5326 0.208351
2458558.7439582995 19.2851 0.187092
2458572.7988079 19.3275 0.16303
2458580.7810301003 19.3616 0.11288599999999999
2458580.8263773 19.337 0.138808
2458580.8470486 19.3874 0.104219
2458582.7252778 19.3678 0.132473
2458582.7257407 19.4203 0.1385
2458583.7785648 19.3521 0.118055
2458586.7335764 19.4123 0.11456500000000001
2458592.7727315 19.0516 0.193884
2458596.7578009 19.4311 0.118845
2458597.7491898 19.467 0.132366
2458606.7079861 19.4874 0.10953
2458606.7117361 19.5877 0.11133699999999999
2458612.7116088 19.5961 0.10833
2458632.6615162003 19.5881 0.145385
2458633.662037 19.69 0.152227
2458633.7003009 19.684 0.128678
2458642.7233218 19.8687 0.127065
