2458475.9894213 18.2901 0.0698449
2458488.0432176003 18.2796 0.05361849999999999
2458503.0418403 17.8129 0.069523
2458506.0403935 17.9495 0.0901607
2458524.9615394 17.5275 0.0465816
2458539.8153356 17.6689 0.111451
2458539.8747338 17.5688 0.069219
2458543.856713 17.3111 0.047361099999999996
2458547.812581 17.5652 0.0426829
2458557.8584722 17.3387 0.0537789
2458573.7920602 17.0052 0.0484149
2458580.7769560004 17.2908 0.041935900000000005
2458583.7721412 17.0886 0.0554219
2458587.7731944 17.2355 0.052189400000000004
2458593.7511574 17.1841 0.052173199999999996
2458596.7731019 17.3099 0.041472699999999994
2458600.7752431 17.4512 0.044720300000000004
2458606.7094444 17.1689 0.0544831
2458612.7097685 17.4888 0.0391891
2458612.7106713 17.4783 0.0475379
2458634.7546181 17.7922 0.060650800000000005
2458637.6831713 17.5825 0.0476781
2458640.7137384 17.7792 0.0526064
2458643.7394097 18.0051 0.0716896
2458647.7348843 17.5635 0.0629329
2458650.7498032004 17.9951 0.0677985
2458653.6861574 17.9177 0.06395419999999999
