2458462.0439352 18.0445 0.0711746
2458473.0438773 18.1072 0.0921577
2458476.9714005003 17.8547 0.05190419999999999
2458482.9772338 17.8633 0.0512475
2458486.9803241 17.8903 0.0440012
2458492.0237269 17.7871 0.0720785
2458493.99 17.7294 0.0455918
2458494.954537 17.7966 0.038407800000000006
2458503.0255324 17.6535 0.0670693
2458506.0220833 17.6509 0.0915383
2458538.7470486 17.1997 0.11136700000000001
2458543.7640741 17.2001 0.07004780000000001
2458572.7757176 17.3807 0.0799327
2458583.7587153 17.5023 0.0527756
2458586.7134838 17.562 0.0427866
2458591.8560532 17.554000000000002 0.0857268
2458594.6568981004 17.6197 0.0404116
2458597.8488426004 17.6533 0.059256500000000004
2458601.7561921 17.6614 0.0588326
2458612.692037 17.7682 0.054801199999999994
2458634.6697917003 17.9613 0.0616747
2458637.679537 18.002 0.0498653
2458640.7201389 17.9295 0.0592099
2458648.6974769 18.0834 0.07987430000000001
