2458293.7383102 16.4117 0.03491180000000001
2458296.7354977 16.45 0.0367673
2458443.0430324 16.4555 0.033287699999999996
2458443.0479167 16.525 0.0422325
2458443.0528125 16.5972 0.048336300000000006
2458443.0577082997 16.4862 0.0326551
2458444.0454861 16.4484 0.0381653
2458444.0502894 16.4922 0.0405038
2458444.0550926 16.469 0.0367859
2458444.0599189997 16.4863 0.035966399999999996
2458449.0134375 16.5531 0.0334909
2458449.0598727 16.4874 0.029781000000000002
2458450.0542245 16.4265 0.033612199999999995
2458450.0492361 16.459 0.038955000000000004
2458450.059213 16.4379 0.0389984
2458450.0642014 16.465 0.0482161
2458450.038831 16.4585 0.042562
2458475.9903356005 16.3602 0.0359434
2458476.9929282 16.3982 0.0338097
2458488.0446181 16.3212 0.029305599999999998
2458503.0413889 16.248 0.0310385
2458506.0446644 16.1998 0.028870999999999997
2458512.0407407 16.14 0.0322054
2458523.0228241 16.0265 0.031678
2458526.9813079 15.9614 0.040479
2458538.9613542003 15.9005 0.0429114
2458539.8561806 15.8456 0.030211200000000004
2458559.7723843 15.7159 0.03623030000000001
2458562.8976736 15.8326 0.0757148
2458580.8151042005 15.607999999999999 0.026242
2458596.7559954 15.7409 0.0278092
2458600.7756829 15.7803 0.0442896
2458606.7103819 15.8464 0.0360278
2458633.7012037 16.0389 0.034112300000000005
2458637.6836227 16.0999 0.03646869999999999
2458640.7141898 16.1229 0.0384407
2458643.7398611 16.2191 0.038467400000000006
2458647.7344329 16.1746 0.0410241
2458650.7502546003 16.1628 0.0399349
2458653.6852431 16.1813 0.0368842
2458653.6866088 16.2252 0.035721699999999995
