2458288.7503588 19.7967 0.17516600000000002
2458458.0603472 19.9595 0.20416099999999998
2458488.0478125 19.7543 0.15278699999999998
2458523.0453125 19.5913 0.133304
2458548.0209491 19.3847 0.147541
2458557.0022337995 19.3215 0.162268
2458560.8998148 19.3633 0.126216
2458575.9138426003 19.2474 0.09554839999999999
2458580.8932407 19.2819 0.14463
2458586.8544444 19.2505 0.096
2458606.8397917 19.1792 0.09946110000000001
2458608.7671296 19.235 0.09435089999999999
2458612.9567708 19.256 0.09181929999999999
2458616.7958218 19.1181 0.109273
2458617.7677662005 19.3131 0.146994
2458618.7241898 19.2706 0.12856099999999998
2458633.8015509 19.2599 0.11616800000000001
2458636.7272801003 19.4121 0.15729500000000002
2458639.7761921003 19.4161 0.153633
2458642.727581 19.4163 0.08880160000000001
2458642.7549537 19.3882 0.11118399999999999
2458648.7106829 19.4014 0.21311599999999997
2458654.6905903 19.4558 0.106887
