2458449.0170949 17.5021 0.04831130000000001
2458449.0444907 17.5772 0.057821000000000004
2458474.9816782 17.4895 0.0513957
2458476.9841667004 17.5009 0.0475509
2458488.0297569 17.2879 0.030286
2458492.0461111 17.3764 0.0396454
2458493.9792014 17.4061 0.0390892
2458495.0475694 17.4102 0.0423144
2458503.0232523 17.2797 0.0437103
2458506.0413889 17.3336 0.0592178
2458512.0252199 17.0529 0.05533
2458512.9960532 16.9565 0.102779
2458514.918669 17.0847 0.109072
2458538.8580903 16.8631 0.0740191
2458543.8571759 16.8629 0.0394256
2458559.7903704 16.5368 0.0392142
2458572.7938426 16.5626 0.0551494
2458572.7965509 16.5476 0.057527800000000004
2458575.7333681 16.5632 0.0568855
2458575.7497917004 16.5729 0.058758300000000006
2458580.7751389 16.7266 0.0395039
2458580.7746875 16.7508 0.0379055
2458583.7536806 16.7086 0.0418991
2458583.7726273 16.7142 0.03725440000000001
2458586.7308565 16.7568 0.0350291
2458592.7537847 16.907 0.0445998
2458596.752338 16.8178 0.0406598
2458608.7325810003 16.9982 0.0370526
2458619.6551042004 16.9451 0.149679
2458633.668125 17.2696 0.05398150000000001
2458639.675787 17.349 0.049506699999999994
2458646.725544 17.3749 0.051113599999999995
2458649.7166087995 17.4759 0.0639414
2458650.7489005 17.5552 0.060868399999999996
