2458371.7948958 17.9676 0.057633699999999996
2458374.6673148 17.8793 0.061114699999999994
2458377.7744792 17.8441 0.06065369999999999
2458380.745625 17.9537 0.0698539
2458428.6030787 18.3315 0.0693966
2458425.5855208 18.1794 0.07812960000000001
2458431.628206 18.480999999999998 0.111249
2458433.5869329 18.6698 0.10003300000000001
2458465.5731018996 18.8207 0.165175
2458465.5780207994 18.63 0.105493
2458465.5829398 18.6307 0.113793
2458465.5878588 18.9029 0.18525999999999998
2458468.5723611 18.7082 0.120861
2458468.5773264 18.424 0.08707050000000001
2458468.5822801003 18.4935 0.0830461
2458468.5872222 18.5062 0.08854880000000001
2458469.571875 18.3637 0.0955442
2458469.5767824 18.4379 0.0736461
2458469.5816897997 18.4711 0.116676
2458469.5865972 18.4001 0.0890827
2458472.5815856005 18.4096 0.14894200000000002
2458472.5864583 18.403 0.148695
2458472.5913194 18.2788 0.114876
2458473.5722338 18.4562 0.102028
2458473.5771065 18.5923 0.12395
2458473.5819792002 18.2836 0.0990344
2458473.5868403 18.3276 0.105717
2458474.5730556 18.3809 0.169149
2458474.5749653 18.3581 0.130877
2458474.578125 18.3579 0.14199
2458474.5800347 18.3346 0.13504000000000002
2458474.5831944 18.1989 0.11646600000000001
2458474.5851042005 18.2867 0.11330599999999999
2458474.5882639 18.3854 0.14996700000000002
2458474.5901619997 18.3425 0.132919
2458475.5744212996 18.4851 0.109009
2458475.5793287004 18.3681 0.104671
2458475.5842361 18.3972 0.0922343
2458475.5891551003 18.2383 0.104841
2458636.9220949 18.2826 0.061765099999999996
2458650.9245023 17.9887 0.04686
2458653.9415972 18.2522 0.07270410000000001
