2458289.7209606003 19.1041 0.159889
2458292.7389583 19.2016 0.153014
2458443.0430324 19.0051 0.12717799999999999
2458443.0479167 18.8501 0.168201
2458443.0577082997 18.9727 0.11708699999999998
2458444.0454861 18.9629 0.118013
2458444.0502894 19.01 0.126154
2458444.0550926 19.1011 0.11521400000000001
2458444.0599189997 19.1079 0.1403
2458449.0134375 19.2456 0.163494
2458449.0598727 19.0492 0.152722
2458466.0190625 18.9418 0.0880168
2458469.0263773 18.9325 0.07533139999999999
2458476.9873957997 19.1066 0.141154
2458476.9896991 18.9652 0.122242
2458488.0450694 18.8998 0.0807044
2458492.0488773 18.9874 0.09152489999999999
2458493.9964468 18.807000000000002 0.0575106
2458493.9941204 18.7828 0.07360230000000001
2458495.0494213 18.8442 0.08408439999999999
2458506.0451157 18.9832 0.179024
2458512.0398032 18.6486 0.0821484
2458513.9584838 18.7315 0.16747
2458524.9557986 18.7269 0.0932246
2458523.023287 18.4992 0.08411060000000001
2458523.0237384 18.4644 0.0904194
2458540.8099537003 18.4081 0.094261
2458556.9208681 18.3197 0.0668329
2458572.8126157 18.323 0.0781365
2458580.7796759 18.371 0.0891472
2458580.8465972 18.343 0.06771010000000001
2458582.7500926005 18.2234 0.07196110000000001
2458583.777662 18.2377 0.0779164
2458586.7498264 18.3422 0.0723023
2458589.7579861 18.255 0.0758532
2458593.8213542 18.3969 0.09147860000000001
2458596.755544 18.3597 0.073899
2458597.74875 18.2782 0.0638838
2458602.7553588 18.5206 0.07771010000000002
2458606.7052315 18.5857 0.06766
2458606.7075347 18.5502 0.06488540000000001
2458616.651875 18.5931 0.126064
2458616.6684259 18.5779 0.0679289
2458633.6629398 18.6376 0.0890028
2458633.7016551 18.5979 0.0758319
2458636.7064699 18.7835 0.0797884
2458639.6753241 18.9279 0.082484
2458642.7237731004 18.8524 0.0799549
2458646.7260069 18.805999999999997 0.136967
2458649.7175579 18.9445 0.120157
2458652.7756366003 18.7919 0.120671
