2458290.7528935 19.1336 0.156692
2458296.7359606004 19.1192 0.156193
2458298.7566319 19.118 0.185149
2458305.6806481 19.3514 0.15219100000000002
2458450.0456944 19.4447 0.18867899999999999
2458450.0506713 19.3981 0.210392
2458450.0556481 19.3668 0.16395099999999999
2458451.0462731 19.6136 0.213916
2458451.0510532 19.4534 0.214626
2458457.0617939997 19.3156 0.154454
2458457.0665741 19.3438 0.166991
2458458.0603472 19.3973 0.185705
2458482.0412153 19.4739 0.183785
2458523.0457755 19.1857 0.108444
2458527.0072338 19.236 0.165186
2458527.0240625 19.1726 0.14802200000000001
2458548.0209491 19.0449 0.088641
2458557.0022337995 18.9328 0.130798
2458560.8998148 19.1182 0.10865899999999999
2458572.9577662004 18.871 0.0853237
2458575.9138426003 18.9102 0.10469200000000001
2458580.8932407 18.8708 0.102015
2458583.8509491 18.9382 0.11336700000000001
2458583.8518519 18.9478 0.126598
2458586.8371065 18.9828 0.103649
2458596.7952315 19.0294 0.106727
2458599.9574884 19.0563 0.0956069
2458608.7671296 18.8059 0.07258919999999999
2458616.7953588 19.0143 0.10846199999999999
2458617.7677662005 18.9395 0.09688719999999999
2458619.8183333 18.6893 0.185114
2458619.8197222 18.7308 0.136409
2458632.7908681 19.0171 0.08580689999999999
2458633.8020023 19.0826 0.080084
2458634.8018403 19.0143 0.0823372
2458634.8045718 18.9894 0.0869559
2458638.7480903 19.0634 0.07436720000000001
2458639.7766551003 19.0564 0.0778161
2458642.727581 18.9801 0.09058
2458642.7554051 19.23 0.0938018
2458645.7780671003 19.0219 0.123774
2458651.7531597 19.3333 0.177329
