2458482.9767824 18.0146 0.055034000000000007
2458486.9798727003 18.0682 0.0626164
2458503.0246181 17.6976 0.056274
2458506.0225463 17.6606 0.0792197
2458538.8571759 17.3469 0.0600563
2458543.8367593 17.4197 0.0511153
2458543.8372106003 17.3936 0.07269060000000001
2458572.773831 17.3375 0.0689211
2458580.7737731 17.4588 0.0400547
2458583.7564468 17.428 0.0488139
2458586.7107523 17.441 0.0429171
2458592.770625 17.6947 0.0872804
2458593.7825231003 17.570999999999998 0.05730930000000001
2458594.816979201 17.5128 0.058007
2458597.7451042 17.5532 0.054866399999999996
2458597.8331481004 17.6173 0.0445732
2458608.7132176 17.7027 0.0482438
2458612.6911343 17.7156 0.0479124
2458618.7688542004 17.7984 0.0597799
2458634.6859491 17.968 0.051124
2458637.6804514 18.0346 0.040625800000000004
2458640.7183333 18.0125 0.055864699999999996
2458646.7129977 18.0611 0.0658691
2458649.7161457995 18.1955 0.0751177
2458654.6739583 18.0167 0.0538495
