2458351.7289468 18.551 0.082499
2458354.7516319 18.5853 0.0911809
2458354.8709259 18.5197 0.135496
2458357.7939815 18.5285 0.0815143
2458363.7109375 18.8377 0.12691
2458365.6896181 18.8108 0.094933
2458369.6679745 18.8054 0.11093299999999999
2458371.6675 18.904 0.0640549
2458372.6698032003 18.8729 0.0707318
2458373.6458218 18.8366 0.0755454
2458375.6578704 18.9229 0.08121519999999999
2458377.6471528 18.9559 0.07416239999999999
2458378.7339236 18.7621 0.09379689999999999
2458383.6258681 19.0659 0.148421
2458384.6469213 18.9973 0.11517899999999999
2458385.6882292004 19.0082 0.16603900000000002
2458430.578669 19.0894 0.139785
2458456.5734375 19.0992 0.140727
2458461.5719097 19.1859 0.139439
2458461.5767477 19.1117 0.15196600000000002
2458461.5815856005 19.1811 0.15407200000000001
2458461.586412 19.3075 0.1524
2458465.5853819 19.0406 0.190321
2458466.5757176 19.3467 0.190889
2458466.5806019 19.2459 0.187059
2458466.585463 19.108 0.127708
2458468.5808332996 19.1907 0.174359
2458469.5802546 19.1586 0.12384400000000001
2458469.5851505003 19.152 0.170248
2458608.9851968 19.0121 0.0810467
2458637.936794 18.9176 0.076308
2458643.9762269 18.9484 0.09223189999999999
2458646.964919 18.9756 0.0774444
2458655.9587269 18.865 0.145585
