2458343.8214583 16.8303 0.0560305
2458344.6706597 16.9185 0.062752
2458345.8221065 16.9357 0.048275900000000004
2458353.8063657 17.0841 0.0504887
2458354.6885995 17.1236 0.0492784
2458356.7722569 17.0836 0.0413171
2458357.6891898 17.0286 0.047615199999999996
2458359.7493056 16.9564 0.0489394
2458360.7312384 17.0141 0.0427398
2458364.6674537 17.172 0.037849400000000005
2458365.670625 17.1133 0.0370083
2458386.7309028 17.2731 0.044155
2458387.6077778 17.2696 0.0559688
2458389.7120023 17.2682 0.044562
2458456.5709722 17.326 0.0586857
2458461.57 17.4408 0.055794100000000006
2458461.5748495 17.4725 0.0452781
2458461.5796759 17.4741 0.0412083
2458461.5845139 17.4104 0.064943
2458574.9854861 17.2292 0.207273
2458593.946412 17.3139 0.058598199999999996
2458607.9853472 17.3472 0.0399443
2458634.9376505003 16.9948 0.0387232
2458640.9637153 17.1167 0.0411866
2458643.9780787 16.9325 0.0315379
2458646.9626157 17.0379 0.03736369999999999
