2001_SC170
138847
213273
516976
435246
455550
76978
2018_LF5
2018_LQ2
2018_GA5
162483
108696
2014_SH304
486823
2014_GW52
391523
316053
2015_BR514
193216
350964
408823
494670
282511
66391
115052
424201
2018_LR1
423354
276748
417444
2010_LP33
497428
2008_MH
2009_HE82
2015_RP237
518445
368267
151343
441987
385268
150667
388892
508818
2016_WK48
2018_LT4
446845
397237
2002_LM24
171522
163758
468861
363802
82290
198871
2015_BP515
208053
260046
514652
2014_OG293
15745
439313
2012_BV26
486684
68347
85989
357469
2002_MV7
2015_EH7
2013_RR101
243660
402245
2014_RY12
2010_SQ6
2001_HL30
401855
2014_SO222
2018_AC13
2018_LM8
2010_EX35
518640
2018_LN
2014_NE3
53110
2013_RM42
2018_LG2
166216
2018_NA
495829
127376
317391
2005_SK27
276758
275810
3752
504711
24654
214051
258299
377898
2002_QD140
6564
488511
422826
278327
368822
2018_LL2
2005_EJ33
357658
485401
483434
440181
483694
523581
2014_US192
C/2018_C2
518426
415348
2004_LH
388056
78355
495615
73763
412329
382191
307810
303583
191095
2015_XK1
2005_QK160
2017_BE19
170953
360829
361180
297323
469737
190489
2014_QA270
2005_UU173
2012_LF11
250657
72773
173340
313799
337084
13553
318965
2001_SJ154
484862
517717
293611
4257
2018_MM8
75746
513182
474574
376856
245046
417866
411466
267927
484040
2011_QG97
2013_PA74
197039
488382
70642
397352
2018_LZ5
2011_GA62
410820
161495
508930
2018_LP5
396283
116820
2013_CH90
2008_OL22
47966
328053
2011_WE78
481827
2012_UO138
459177
2013_NS6
2013_UL
2014_OU182
2014_QP266
2009_JY15
2012_KO47
449542
267241
2014_UQ17
2015_DP
370262
372244
274244
272161
26920
268265
264582
259881
379016
257973
380397
386879
254238
388546
393407
370061
28180
283729
347509
325382
322772
332584
33296
31076
308899
307823
365728
357584
359286
300368
294715
291827
288299
394432
24761
246617
423794
207250
204949
421770
2018_MR8
2018_MH
2018_MD7
2016_YE8
212279
2015_VU141
2015_SM20
2015_RB82
2015_HR116
43869
2015_DV155
210796
215179
245081
235151
244262
243930
243903
399760
240442
240145
404924
21677
405385
406959
227007
217437
411320
411333
2007_TW443
328042
77399
149677
170475
97386
107994
193934
81650
194032
194196
19278
70367
7779
65675
11532
148437
71998
128351
155873
98942
111914
126386
54660
52752
519783
112059
90982
518635
66715
152974
9240
7885
127439
189654
69748
167221
154278
99953
2006_BC203
2005_AE18
103674
101619
167140
163691
485533
164865
2005_VZ101
120192
2006_AC61
138256
72566
2001_SU144
2001_QA34
87309
2006_SW403
134256
98955
58875
166954
2005_ER38
81083
85437
38002
373499
373742
377668
81111
37981
81154
373792
373835
81373
84851
83993
376505
376855
83087
81699
80100
484077
390562
79144
386113
76321
76266
75954
397318
75745
75702
75692
398188
399508
75269
399772
400022
40012
75061
400621
76491
396238
395849
373278
7889
387639
78269
38860
77961
389972
391086
7712
77917
391827
393246
77767
394935
77647
85803
8825
37296
351256
98826
9792
347728
97676
35081
350869
97629
351364
345764
351813
356663
97395
97321
96488
94847
359517
34683
345245
85866
333272
329619
C/2018_F1
331842
332219
332247
C/1992_W1
99883
9963
343935
334095
334728
99282
99216
33830
33865
340111
360645
94197
360947
87045
366912
367884
88281
36946
400824
369761
87074
86358
93041
86297
370660
372154
86135
85950
37230
372785
366615
366465
88295
8831
92508
361920
362213
363140
363199
363862
363863
90572
364892
365250
36558
90212
366365
366387
88619
74307
405569
40127
517443
442625
445370
446585
518422
517696
517536
517490
51687
440422
516825
516420
448757
5160
45034
450648
45191
53098
53316
51413
438429
57100
5691
435904
56500
436347
55580
436771
54735
440401
54665
43875
43882
43998
53704
53542
53433
451928
451967
57239
47589
47138
473544
491543
488606
486703
47586
486304
47828
493437
48122
486000
481848
482389
483165
485175
484287
493405
46217
45251
45513
453009
51364
453821
45400
454352
51205
508932
508912
46216
50848
456549
50842
50608
50391
46113
50191
435805
434585
401486
69905
408244
40970
410858
411225
71683
71320
70031
41281
40752
412930
413514
41372
414491
6983
41464
69549
408078
72013
416838
729
401750
73767
73201
40250
40253
40315
403370
403569
72330
404402
404684
72570
404950
40533
405532
483996
415819
68794
43411
58887
6205
61096
60627
5999
59718
59401
5905
58443
62290
58249
427813
428163
429979
57524
430723
433463
42358
423286
416992
418814
6879
6870
417192
68211
67261
41795
41878
41930
63204
42193
65903
64899
64038
63443
63221
422889
453012
100439
325703
171698
172627
174050
17555
175861
175980
176758
177587
18096
181577
181748
181983
182149
182364
182989
18406
184123
18549
186822
189648
190472
191032
191596
1920
17181
171613
156710
170604
157970
158013
158117
158131
158696
158767
158801
159463
159969
160359
160366
160694
161930
162168
162269
16238
1627
16435
165501
167218
167693
169979
170568
193180
193788
194234
195013
2005_JX63
2005_SV291
2005_YW93
2006_TD96
2006_VG
200721
2007_JD42
2008_LT12
2009_OG23
2009_XR2
2010_BK14
2010_GC172
2010_HL34
2010_KO118
2010_LK
2010_MX23
2010_RB55
2010_SE8
2011_FP24
2011_QS11
2011_SY157
2011_UY160
20124
2005_JJ148
2004_RY165
2004_RW327
1999_LK1
195919
197233
197417
197678
198784
198923
199409
199444
19972
199858
200073
2004_QP28
2001_DX109
2001_QW116
2001_TM26
200235
2002_PW
2002_PW6
2002_QY15
2002_TE218
2003_EA50
2003_OB4
15692
156655
2012_DU10
112612
114208
11500
115031
115321
116022
116519
116615
116826
116918
11754
117768
119012
119216
11996
120198
120281
120646
12117
122198
123117
123607
12390
124003
113933
112063
155671
112045
101430
103410
103587
103980
104341
104673
104940
104974
105120
106613
106849
106866
107086
107780
107983
108169
108204
108488
108575
108716
10962
111692
111867
125275
12535
126438
126465
142542
142689
144517
145811
146014
146434
146738
148464
149120
14916
149176
150522
150524
150610
151483
151522
153002
153087
154120
154159
154675
155065
155647
141533
141399
14052
132953
126650
127382
127455
127501
127502
129017
129485
130124
13146
131891
133874
139558
134123
134265
135670
136470
137605
138410
138442
139100
139136
139353
2012_BQ129
2012_FD36
325361
257752
257970
258859
25911
261668
26299
263035
263066
26356
264166
26677
266953
267226
101429
269874
270038
272162
274026
275396
27545
27559
277340
277530
277733
257897
256970
242626
256182
243197
24365
243705
24398
24400
244651
24540
24619
248285
248823
248829
25008
250493
25174
251761
251943
25286
253055
253328
25362
254780
255954
256065
278596
280153
280481
280779
306
306163
306502
307661
307699
307737
307811
308639
30977
310541
311881
311996
31222
313107
313422
31431
315116
315127
317365
318077
31858
319390
324310
304344
302893
302128
291803
281059
281430
28163
284440
284481
284503
28460
28545
286275
288579
293382
302005
29386
295646
296329
296558
297525
298352
298471
299593
299656
30133
243052
241883
2012_KU4
2015_FL373
2015_FO
2015_FX378
2015_GN13
2015_JM11
2015_LP24
2015_SC1
2015_VS121
2017_BR
2017_BY26
2017_FQ124
2017_HT44
2017_JF5
2017_WH14
2018_HX
2018_JS1
2018_JV
2018_KF3
2018_LC5
2018_LD
2018_LV9
2018_LX1
2018_LY9
2018_MB7
2015_FM124
2015_EU74
24122
2015_DQ198
2012_NP
2012_US67
2013_AO38
2013_GH33
2013_PQ2
2013_PU2
2013_PX13
2013_RC21
2013_RO42
2013_TV73
2014_DG74
2014_JK2
2014_LV9
2014_MU48
2014_NH68
2014_NM41
2014_NY64
2014_OH360
2014_WK534
2014_YB52
20154
2015_BT513
2015_DO225
2018_MG7
202006
202289
202456
225499
226292
229051
230477
230840
23185
23314
23324
233539
234322
234499
234633
235710
236050
236726
237397
237802
238183
238196
238486
23853
239523
240394
224968
2235
223305
214410
202562
204970
206176
206854
207495
207575
211228
21335
213597
213986
21523
222171
215271
215282
215939
216178
216548
216680
216896
217306
22086
22153
P/2018_L4
